WorkRaveStats 4
D 6 8 123 16 23 7 8 123 17 34
B 0 7 21 21 79 0 0 21 230
B 1 7 11 2 5 0 9 11 2472
B 2 7 0 0 0 0 0 0 0
m 6 16362 4275200 1681117 4024 1712 10915
D 8 8 123 9 6 8 8 123 16 44
B 0 7 18 17 67 0 0 17 330
B 1 7 9 1 5 2 5 9 1859
B 2 7 0 0 0 0 0 0 0
m 6 15330 4029443 1966276 4042 2210 9965
D 9 8 123 12 51 9 8 123 12 51
B 0 7 0 0 1 0 0 0 0
B 1 7 0 0 1 0 0 0 0
B 2 7 0 0 0 0 0 0 0
m 6 14 10606 4851 6 2 1
D 10 8 123 4 0 10 8 123 4 0
B 0 7 0 0 0 0 0 0 0
B 1 7 0 0 0 0 0 0 0
B 2 7 0 0 0 0 0 0 0
m 6 0 0 0 0 0 0
D 11 8 123 9 18 11 8 123 15 45
B 0 7 12 12 49 0 0 12 66
B 1 7 6 3 2 1 2 6 639
B 2 7 0 0 0 0 0 0 0
m 6 12951 3601446 1546933 3068 1540 5631
D 12 8 123 9 10 12 8 123 17 7
B 0 7 9 7 136 0 0 7 498
B 1 7 6 3 3 0 3 6 963
B 2 7 0 0 0 0 0 0 0
m 6 12574 3246325 1098489 3469 1359 2490
D 13 8 123 9 5 13 8 123 16 53
B 0 7 5 2 124 0 0 4 610
B 1 7 5 3 5 0 1 4 629
B 2 7 0 0 0 0 0 0 0
m 6 11946 3460438 1437234 1382 1616 4007
D 14 8 123 9 17 14 8 123 17 24
B 0 7 7 6 83 0 0 6 537
B 1 7 14 1 4 2 8 11 3402
B 2 7 0 0 0 0 0 0 0
m 6 13182 3689550 1632964 3429 1858 8476
D 15 8 123 4 0 15 8 123 16 9
B 0 7 6 6 74 0 0 6 42
B 1 7 6 3 5 0 1 4 874
B 2 7 0 0 0 0 0 0 0
m 6 11034 3813712 1743139 2530 2015 4901
D 16 8 123 4 0 16 8 123 4 0
B 0 7 0 0 0 0 0 0 0
B 1 7 0 0 0 0 0 0 0
B 2 7 0 0 0 0 0 0 0
m 6 0 0 0 0 0 0
D 17 8 123 4 0 17 8 123 4 0
B 0 7 0 0 0 0 0 0 0
B 1 7 0 0 0 0 0 0 0
B 2 7 0 0 0 0 0 0 0
m 6 0 0 0 0 0 0
D 18 8 123 9 11 18 8 123 17 0
B 0 7 3 3 81 0 0 3 18
B 1 7 5 2 6 1 2 5 638
B 2 7 0 0 0 0 0 0 0
m 6 12847 3592404 1648863 3386 2004 8868
D 19 8 123 8 53 19 8 123 16 33
B 0 7 5 5 73 0 0 5 22
B 1 7 3 0 5 1 2 3 389
B 2 7 0 0 0 0 0 0 0
m 6 13187 3448329 1303404 3751 1515 7492
D 20 8 123 9 15 20 8 123 16 39
B 0 7 6 6 82 0 0 6 27
B 1 7 6 1 5 1 3 5 1069
B 2 7 0 0 0 0 0 0 0
m 6 15209 4023435 1307321 4045 1570 7856
D 21 8 123 9 18 21 8 123 12 14
B 0 7 4 4 10 0 0 4 51
B 1 7 0 0 4 0 0 0 0
B 2 7 0 0 0 0 0 0 0
m 6 3668 1175324 526901 499 506 1956
D 22 8 123 9 21 22 8 123 9 22
B 0 7 0 0 1 0 0 0 0
B 1 7 0 0 1 0 0 0 0
B 2 7 0 0 0 0 0 0 0
m 6 97 14267 2681 12 3 262
D 23 8 123 4 0 23 8 123 4 0
B 0 7 0 0 0 0 0 0 0
B 1 7 0 0 0 0 0 0 0
B 2 7 0 0 0 0 0 0 0
m 6 0 0 0 0 0 0
D 24 8 123 4 0 24 8 123 4 0
B 0 7 0 0 0 0 0 0 0
B 1 7 0 0 0 0 0 0 0
B 2 7 0 0 0 0 0 0 0
m 6 0 0 0 0 0 0
D 25 8 123 9 4 25 8 123 16 14
B 0 7 12 11 78 1 0 12 550
B 1 7 13 3 3 1 9 13 2735
B 2 7 0 0 0 0 0 0 0
m 6 16964 4148107 1791365 5734 2476 4651
D 26 8 123 8 38 26 8 123 17 33
B 0 7 10 7 76 0 0 8 645
B 1 7 9 0 5 3 6 9 1816
B 2 7 0 0 0 0 0 0 0
m 6 15993 3358492 1462959 4669 2118 0
D 27 8 123 9 30 27 8 123 16 17
B 0 7 9 9 101 0 0 9 61
B 1 7 12 3 2 1 8 12 2514
B 2 7 0 0 0 0 0 0 0
m 6 15051 3624010 1732672 4816 2165 0
D 28 8 123 9 13 28 8 123 16 22
B 0 7 7 6 107 0 0 6 600
B 1 7 5 1 5 1 3 5 945
B 2 7 0 0 0 0 0 0 0
m 6 12637 3007514 1311292 3635 1527 0
D 29 8 123 9 6 29 8 123 17 12
B 0 7 5 4 165 0 0 4 346
B 1 7 4 3 3 0 2 4 635
B 2 7 0 0 0 0 0 0 0
m 6 13660 3237254 1569798 4008 1914 0
D 30 8 123 4 0 30 8 123 4 0
B 0 7 0 0 0 0 0 0 0
B 1 7 0 0 0 0 0 0 0
B 2 7 0 0 0 0 0 0 0
m 6 0 0 0 0 0 0
D 1 9 123 4 0 1 9 123 4 0
B 0 7 0 0 0 0 0 0 0
B 1 7 0 0 0 0 0 0 0
B 2 7 0 0 0 0 0 0 0
m 6 0 0 0 0 0 0
D 2 9 123 8 57 2 9 123 17 35
B 0 7 10 8 101 0 0 8 469
B 1 7 21 3 2 0 16 19 5550
B 2 7 0 0 0 0 0 0 0
m 6 17280 4238158 1911057 4537 2092 11164
D 3 9 123 9 19 3 9 123 17 44
B 0 7 3 3 132 0 0 3 22
B 1 7 9 2 4 1 5 8 1548
B 2 7 0 0 0 0 0 0 0
m 6 15393 3184532 1322965 3943 1585 9350
D 4 9 123 10 2 4 9 123 15 41
B 0 7 1 1 102 0 0 1 6
B 1 7 8 2 3 2 4 8 1283
B 2 7 0 0 0 0 0 0 0
m 6 12405 3034192 1327076 3246 1443 7081
D 5 9 123 9 13 5 9 123 17 42
B 0 7 1 1 97 0 0 1 0
B 1 7 7 1 2 2 4 7 963
B 2 7 0 0 0 0 0 0 0
m 6 12854 3319959 1360773 3632 1456 7354
D 6 9 123 9 3 6 9 123 16 11
B 0 7 5 5 86 0 0 5 61
B 1 7 7 2 4 2 3 7 920
B 2 7 0 0 0 0 0 0 0
m 6 13819 3071118 1382732 3704 1529 8602
D 7 9 123 4 0 7 9 123 4 0
B 0 7 0 0 0 0 0 0 0
B 1 7 0 0 0 0 0 0 0
B 2 7 0 0 0 0 0 0 0
m 6 0 0 0 0 0 0
D 8 9 123 13 4 8 9 123 13 4
B 0 7 0 0 2 0 0 0 0
B 1 7 0 0 1 0 0 0 0
B 2 7 0 0 0 0 0 0 0
m 6 60 2858 1227 2 6 25
D 9 9 123 4 0 9 9 123 4 0
B 0 7 0 0 0 0 0 0 0
B 1 7 0 0 0 0 0 0 0
B 2 7 0 0 0 0 0 0 0
m 6 0 0 0 0 0 0
D 10 9 123 9 26 10 9 123 17 25
B 0 7 3 3 136 0 0 3 26
B 1 7 13 1 6 2 10 13 3034
B 2 7 0 0 0 0 0 0 0
m 6 15856 2900011 1232471 3081 1394 12302
D 11 9 123 9 4 11 9 123 16 4
B 0 7 3 3 96 0 0 3 17
B 1 7 5 1 3 2 2 5 634
B 2 7 0 0 0 0 0 0 0
m 6 13201 3139196 1649010 2436 1804 3766
D 12 9 123 9 29 12 9 123 16 16
B 0 7 4 3 102 0 0 3 143
B 1 7 18 2 1 1 13 16 4479
B 2 7 0 0 0 0 0 0 0
m 6 16490 3270815 1676811 3916 1770 0
D 13 9 123 9 30 13 9 123 16 24
B 0 7 7 7 75 0 0 7 59
B 1 7 14 2 1 1 11 14 3267
B 2 7 0 0 0 0 0 0 0
m 6 14257 2918886 1436408 3153 1376 0
D 14 9 123 4 0 14 9 123 4 0
B 0 7 0 0 0 0 0 0 0
B 1 7 0 0 0 0 0 0 0
B 2 7 0 0 0 0 0 0 0
m 6 0 0 0 0 0 0
D 15 9 123 4 0 15 9 123 4 0
B 0 7 0 0 0 0 0 0 0
B 1 7 0 0 0 0 0 0 0
B 2 7 0 0 0 0 0 0 0
m 6 0 0 0 0 0 0
D 16 9 123 10 3 16 9 123 17 44
B 0 7 7 7 100 0 0 7 64
B 1 7 16 4 1 1 9 14 3419
B 2 7 0 0 0 0 0 0 0
m 6 16970 4494876 1825632 1977 2195 4124
D 17 9 123 9 4 17 9 123 16 44
B 0 7 8 7 97 0 0 8 102
B 1 7 15 2 3 0 10 12 3948
B 2 7 0 0 0 0 0 0 0
m 6 14652 3436231 1563872 204 1848 10245
D 18 9 123 9 18 18 9 123 16 31
B 0 7 4 4 88 0 0 4 13
B 1 7 14 4 1 1 8 13 2791
B 2 7 0 0 0 0 0 0 0
m 6 16655 4079399 1595751 4133 1726 11985
D 19 9 123 9 15 19 9 123 17 8
B 0 7 4 4 126 0 0 4 22
B 1 7 8 2 3 2 4 8 997
B 2 7 1 1 0 0 0 1 18
m 6 18018 4306000 1599678 3726 1696 13091
D 20 9 123 9 11 20 9 123 17 8
B 0 7 4 4 137 0 0 4 37
B 1 7 12 2 3 1 8 12 2533
B 2 7 0 0 0 0 0 0 0
m 6 15917 4094661 1528436 3896 1647 8902
D 21 9 123 4 0 21 9 123 4 0
B 0 7 0 0 2 0 0 0 0
B 1 7 0 0 1 0 0 0 0
B 2 7 0 0 0 0 0 0 0
m 6 40 10215 4208 8 10 22
D 22 9 123 14 26 22 9 123 15 28
B 0 7 0 0 20 0 0 0 0
B 1 7 0 0 3 0 0 0 0
B 2 7 0 0 0 0 0 0 0
m 6 544 93224 39377 93 92 109
D 23 9 123 10 4 23 9 123 16 35
B 0 7 12 11 64 0 0 11 355
B 1 7 12 2 2 3 7 12 2209
B 2 7 0 0 0 0 0 0 0
m 6 17313 4853759 2115272 5392 2181 12071
D 24 9 123 8 51 24 9 123 17 56
B 0 7 6 6 46 0 0 6 36
B 1 7 10 1 1 1 6 9 2374
B 2 7 0 0 0 0 0 0 0
m 6 11273 2840678 1135159 2845 1183 9636
D 25 9 123 9 5 25 9 123 18 4
B 0 7 5 4 107 0 0 5 32
B 1 7 15 3 3 1 9 13 3474
B 2 7 1 0 0 0 1 1 509
m 6 18509 5054014 2113450 3920 1990 13654
D 26 9 123 8 57 26 9 123 16 1
B 0 7 9 9 76 0 0 9 47
B 1 7 13 1 3 1 8 11 3252
B 2 7 0 0 0 0 0 0 0
m 6 14607 3921340 1695798 824 1754 10174
D 27 9 123 9 7 27 9 123 16 19
B 0 7 7 7 84 0 0 7 20
B 1 7 9 3 3 1 4 8 1557
B 2 7 0 0 0 0 0 0 0
m 6 16059 4005317 1506751 4358 1782 9062
D 28 9 123 13 36 28 9 123 19 6
B 0 7 3 3 24 0 0 3 19
B 1 7 6 0 1 0 5 5 1781
B 2 7 0 0 0 0 0 0 0
m 6 6247 1105710 440090 2019 1014 911
D 29 9 123 4 0 29 9 123 4 0
B 0 7 0 0 0 0 0 0 0
B 1 7 0 0 0 0 0 0 0
B 2 7 0 0 0 0 0 0 0
m 6 0 0 0 0 0 0
D 30 9 123 9 23 30 9 123 16 16
B 0 7 18 13 51 0 1 16 1350
B 1 7 20 0 3 3 16 19 5303
B 2 7 1 0 0 0 1 1 669
m 6 18669 4128157 1878353 4802 2083 16824
D 31 9 123 9 11 31 9 123 15 47
B 0 7 6 5 60 0 0 5 350
B 1 7 3 2 5 0 1 3 325
B 2 7 0 0 0 0 0 0 0
m 6 9221 2400822 1042118 2443 1183 8265
D 1 10 123 9 34 1 10 123 17 29
B 0 7 8 7 86 0 0 7 377
B 1 7 9 3 4 1 3 7 1549
B 2 7 0 0 0 0 0 0 0
m 6 15104 3787865 1516064 4309 1601 8634
D 2 10 123 9 20 2 10 123 16 9
B 0 7 10 8 93 0 0 9 500
B 1 7 4 2 3 1 1 4 324
B 2 7 0 0 0 0 0 0 0
m 6 14688 3550170 1557043 4316 1682 8942
D 3 10 123 8 17 3 10 123 17 21
B 0 7 8 8 85 0 0 8 468
B 1 7 12 2 3 0 9 11 2806
B 2 7 0 0 0 0 0 0 0
m 6 16861 4542717 2016997 42 2341 8898
D 4 10 123 4 0 4 10 123 4 0
B 0 7 0 0 0 0 0 0 0
B 1 7 0 0 0 0 0 0 0
B 2 7 0 0 0 0 0 0 0
m 6 0 0 0 0 0 0
D 5 10 123 3 0 5 10 123 3 0
B 0 7 0 0 0 0 0 0 0
B 1 7 0 0 0 0 0 0 0
B 2 7 0 0 0 0 0 0 0
m 6 0 0 0 0 0 0
D 6 10 123 8 56 6 10 123 16 29
B 0 7 5 3 100 0 0 4 77
B 1 7 5 1 5 2 2 5 627
B 2 7 0 0 0 0 0 0 0
m 6 12883 2897671 1095340 3276 1303 7156
D 7 10 123 10 11 7 10 123 18 13
B 0 7 6 5 137 0 1 6 329
B 1 7 8 2 3 1 4 7 1543
B 2 7 0 0 0 0 0 0 0
m 6 15640 4105545 1749307 4297 1767 6914
D 8 10 123 9 57 8 10 123 16 58
B 0 7 9 8 78 0 0 9 86
B 1 7 15 3 2 0 11 14 3718
B 2 7 0 0 0 0 0 0 0
m 6 14186 3515466 1360906 4081 1546 6156
D 9 10 123 7 58 9 10 123 16 12
B 0 7 3 3 96 0 0 3 41
B 1 7 3 2 9 1 0 3 18
B 2 7 0 0 0 0 0 0 0
m 6 11772 2708668 1214369 3412 1307 4902
D 10 10 123 4 0 10 10 123 4 0
B 0 7 0 0 1 0 0 0 0
B 1 7 0 0 1 0 0 0 0
B 2 7 0 0 0 0 0 0 0
m 6 15 1741 1956 3 4 2
D 11 10 123 4 0 11 10 123 4 0
B 0 7 0 0 0 0 0 0 0
B 1 7 0 0 0 0 0 0 0
B 2 7 0 0 0 0 0 0 0
m 6 0 0 0 0 0 0
D 12 10 123 4 0 12 10 123 4 0
B 0 7 0 0 0 0 0 0 0
B 1 7 0 0 0 0 0 0 0
B 2 7 0 0 0 0 0 0 0
m 6 0 0 0 0 0 0
D 13 10 123 8 23 13 10 123 15 56
B 0 7 4 4 106 0 0 4 14
B 1 7 9 2 3 0 6 8 1921
B 2 7 0 0 0 0 0 0 0
m 6 13634 3287499 1348444 3142 1610 5115
D 14 10 123 9 26 14 10 123 17 17
B 0 7 8 7 174 0 0 7 391
B 1 7 9 4 5 1 4 9 1315
B 2 7 0 0 0 0 0 0 0
m 6 15857 4229295 1776865 4522 1863 12040
D 15 10 123 9 20 15 10 123 17 41
B 0 7 15 13 93 0 0 15 278
B 1 7 16 1 3 4 10 15 3365
B 2 7 2 0 0 0 2 2 1451
m 6 19451 5124039 2132043 5797 2310 14858
D 16 10 123 8 18 16 10 123 20 10
B 0 7 11 10 156 0 0 10 573
B 1 7 13 2 5 1 10 13 3047
B 2 7 0 0 0 0 0 0 0
m 6 16130 5565522 2328411 962 2413 3440
D 17 10 123 4 0 17 10 123 18 43
B 0 7 9 6 165 0 0 6 1039
B 1 7 19 5 2 1 5 11 3977
B 2 7 3 0 0 0 1 1 2610
m 6 20610 5153483 2472274 6041 2748 11814
D 18 10 123 4 0 18 10 123 4 0
B 0 7 0 0 0 0 0 0 0
B 1 7 0 0 0 0 0 0 0
B 2 7 0 0 0 0 0 0 0
m 6 0 0 0 0 0 0
D 19 10 123 4 0 19 10 123 4 0
B 0 7 0 0 0 0 0 0 0
B 1 7 0 0 0 0 0 0 0
B 2 7 0 0 0 0 0 0 0
m 6 0 0 0 0 0 0
D 20 10 123 4 0 20 10 123 4 0
B 0 7 0 0 0 0 0 0 0
B 1 7 0 0 0 0 0 0 0
B 2 7 0 0 0 0 0 0 0
m 6 0 0 0 0 0 0
D 21 10 123 4 0 21 10 123 4 0
B 0 7 0 0 0 0 0 0 0
B 1 7 0 0 0 0 0 0 0
B 2 7 0 0 0 0 0 0 0
m 6 0 0 0 0 0 0
D 22 10 123 4 0 22 10 123 4 0
B 0 7 0 0 0 0 0 0 0
B 1 7 0 0 0 0 0 0 0
B 2 7 0 0 0 0 0 0 0
m 6 0 0 0 0 0 0
D 23 10 123 4 0 23 10 123 4 0
B 0 7 0 0 0 0 0 0 0
B 1 7 0 0 0 0 0 0 0
B 2 7 0 0 0 0 0 0 0
m 6 0 0 0 0 0 0
D 24 10 123 18 54 24 10 123 19 4
B 0 7 0 0 7 0 0 0 0
B 1 7 0 0 1 0 0 0 0
B 2 7 0 0 0 0 0 0 0
m 6 400 59933 27510 99 60 0
D 25 10 123 4 0 25 10 123 4 0
B 0 7 0 0 0 0 0 0 0
B 1 7 0 0 0 0 0 0 0
B 2 7 0 0 0 0 0 0 0
m 6 0 0 0 0 0 0
D 26 10 123 4 0 26 10 123 4 0
B 0 7 0 0 0 0 0 0 0
B 1 7 0 0 0 0 0 0 0
B 2 7 0 0 0 0 0 0 0
m 6 0 0 0 0 0 0
D 27 10 123 9 9 27 10 123 17 14
B 0 7 5 4 95 0 0 5 47
B 1 7 3 2 9 0 1 3 328
B 2 7 0 0 0 0 0 0 0
m 6 12412 4470726 1774768 1006 1760 2892
D 28 10 123 8 59 28 10 123 16 25
B 0 7 9 8 107 0 0 9 58
B 1 7 12 2 2 1 7 11 2588
B 2 7 0 0 0 0 0 0 0
m 6 15918 5746329 2430475 5660 2170 11455
D 29 10 123 9 10 29 10 123 18 3
B 0 7 4 4 98 0 0 4 36
B 1 7 12 3 2 0 9 12 2569
B 2 7 0 0 0 0 0 0 0
m 6 13619 4189177 1755404 4127 1577 9499
D 30 10 123 9 7 30 10 123 16 50
B 0 7 12 9 97 0 0 11 711
B 1 7 24 1 3 2 14 17 6495
B 2 7 0 0 0 0 0 0 0
m 6 16401 5845108 2700859 5606 2449 16293
D 1 11 123 8 58 1 11 123 16 26
B 0 7 7 4 91 1 0 5 589
B 1 7 10 3 3 0 6 10 1616
B 2 7 0 0 0 0 0 0 0
m 6 15564 5876746 2045241 4159 1934 8651
D 2 11 123 4 0 2 11 123 4 0
B 0 7 0 0 0 0 0 0 0
B 1 7 0 0 0 0 0 0 0
B 2 7 0 0 0 0 0 0 0
m 6 0 0 0 0 0 0
D 3 11 123 10 14 3 11 123 13 8
B 0 7 0 0 14 0 0 0 0
B 1 7 0 0 7 0 0 0 0
B 2 7 0 0 0 0 0 0 0
m 6 459 178902 75261 150 88 80
D 4 11 123 9 17 4 11 123 17 42
B 0 7 4 4 103 0 0 4 33
B 1 7 4 1 4 3 0 4 51
B 2 7 0 0 0 0 0 0 0
m 6 14909 5394363 1822727 5230 1854 9228
D 5 11 123 9 21 5 11 123 17 35
B 0 7 10 9 99 0 0 10 144
B 1 7 9 2 2 3 4 9 1278
B 2 7 2 0 0 0 2 2 2005
m 6 20005 6800848 2691009 6335 2605 14673
D 6 11 123 9 15 6 11 123 16 17
B 0 7 2 2 126 0 0 2 10
B 1 7 2 1 6 1 0 2 21
B 2 7 0 0 0 0 0 0 0
m 6 11765 3957700 1472731 4024 1631 6915
D 7 11 123 9 17 7 11 123 15 57
B 0 7 4 4 112 0 0 4 27
B 1 7 7 2 3 0 1 4 1234
B 2 7 0 0 0 0 0 0 0
m 6 10371 3929922 1325115 3172 1309 5765
D 8 11 123 9 14 8 11 123 16 2
B 0 7 2 1 55 0 0 2 280
B 1 7 5 2 4 0 3 5 918
B 2 7 0 0 0 0 0 0 0
m 6 9376 3160830 996048 3525 1086 3774
D 9 11 123 4 0 9 11 123 4 0
B 0 7 0 0 0 0 0 0 0
B 1 7 0 0 0 0 0 0 0
B 2 7 0 0 0 0 0 0 0
m 6 0 0 0 0 0 0
D 10 11 123 15 2 10 11 123 15 23
B 0 7 0 0 9 0 0 0 0
B 1 7 0 0 1 0 0 0 0
B 2 7 0 0 0 0 0 0 0
m 6 1064 456878 93300 539 120 77
D 11 11 123 9 15 11 11 123 17 4
B 0 7 8 6 90 0 0 7 604
B 1 7 16 2 2 1 10 14 3795
B 2 7 0 0 0 0 0 0 0
m 6 17543 5747565 2032772 6357 2005 8973
D 12 11 123 9 39 12 11 123 17 8
B 0 7 6 5 93 0 0 5 382
B 1 7 10 3 2 0 6 9 2028
B 2 7 0 0 0 0 0 0 0
m 6 14250 5222573 1981420 6257 2214 4130
D 13 11 123 9 19 13 11 123 16 37
B 0 7 7 6 83 0 0 7 396
B 1 7 16 2 2 1 12 15 4001
B 2 7 0 0 0 0 0 0 0
m 6 16374 4869593 1811425 839 1780 10396
D 14 11 123 10 28 14 11 123 16 54
B 0 7 2 2 108 0 0 2 15
B 1 7 4 2 5 0 2 4 619
B 2 7 0 0 0 0 0 0 0
m 6 12630 4393396 1555885 4125 1646 1742
D 15 11 123 9 31 15 11 123 16 8
B 0 7 3 2 84 0 0 2 202
B 1 7 8 3 4 0 4 7 1540
B 2 7 0 0 0 0 0 0 0
m 6 12467 4548486 1554687 4487 1432 0
D 16 11 123 4 0 16 11 123 4 0
B 0 7 0 0 0 0 0 0 0
B 1 7 0 0 0 0 0 0 0
B 2 7 0 0 0 0 0 0 0
m 6 0 0 0 0 0 0
D 17 11 123 4 0 17 11 123 4 0
B 0 7 0 0 0 0 0 0 0
B 1 7 0 0 0 0 0 0 0
B 2 7 0 0 0 0 0 0 0
m 6 0 0 0 0 0 0
D 18 11 123 9 7 18 11 123 16 33
B 0 7 3 3 85 0 0 3 40
B 1 7 7 1 3 1 4 7 1310
B 2 7 0 0 0 0 0 0 0
m 6 16338 6026951 2127389 5315 1960 1196
D 19 11 123 13 53 19 11 123 17 53
B 0 7 4 3 60 0 0 4 671
B 1 7 10 3 0 0 7 10 2194
B 2 7 0 0 0 0 0 0 0
m 6 10304 3777301 1337324 3617 1331 0
D 20 11 123 9 6 20 11 123 16 27
B 0 7 9 9 71 0 0 9 86
B 1 7 10 4 2 1 4 9 1617
B 2 7 0 0 0 0 0 0 0
m 6 17486 5539506 2119807 5655 2065 0
D 21 11 123 9 6 21 11 123 16 20
B 0 7 3 3 102 0 0 3 15
B 1 7 5 1 4 1 2 4 923
B 2 7 0 0 0 0 0 0 0
m 6 13845 5138565 1903168 4432 1716 0
D 22 11 123 11 57 22 11 123 11 58
B 0 7 0 0 1 0 0 0 0
B 1 7 0 0 1 0 0 0 0
B 2 7 0 0 0 0 0 0 0
m 6 110 32594 12891 35 26 0
D 23 11 123 4 0 23 11 123 4 0
B 0 7 0 0 0 0 0 0 0
B 1 7 0 0 0 0 0 0 0
B 2 7 0 0 0 0 0 0 0
m 6 0 0 0 0 0 0
D 24 11 123 14 57 24 11 123 15 42
B 0 7 3 2 5 0 0 3 268
B 1 7 0 0 1 0 0 0 0
B 2 7 0 0 0 0 0 0 0
m 6 2421 828711 292438 1056 381 0
D 25 11 123 9 4 25 11 123 9 6
B 0 7 0 0 1 0 0 0 0
B 1 7 0 0 1 0 0 0 0
B 2 7 0 0 0 0 0 0 0
m 6 148 28794 12412 35 29 0
D 26 11 123 4 0 26 11 123 4 0
B 0 7 0 0 0 0 0 0 0
B 1 7 0 0 0 0 0 0 0
B 2 7 0 0 0 0 0 0 0
m 6 0 0 0 0 0 0
D 27 11 123 4 0 27 11 123 4 0
B 0 7 0 0 0 0 0 0 0
B 1 7 0 0 0 0 0 0 0
B 2 7 0 0 0 0 0 0 0
m 6 0 0 0 0 0 0
D 28 11 123 15 56 28 11 123 16 1
B 0 7 0 0 1 0 0 0 0
B 1 7 0 0 1 0 0 0 0
B 2 7 0 0 0 0 0 0 0
m 6 342 144418 69471 114 85 0
D 29 11 123 4 0 29 11 123 4 0
B 0 7 0 0 0 0 0 0 0
B 1 7 0 0 0 0 0 0 0
B 2 7 0 0 0 0 0 0 0
m 6 0 0 0 0 0 0
D 30 11 123 4 0 30 11 123 4 0
B 0 7 0 0 0 0 0 0 0
B 1 7 0 0 0 0 0 0 0
B 2 7 0 0 0 0 0 0 0
m 6 0 0 0 0 0 0
D 31 11 123 4 0 31 11 123 4 0
B 0 7 0 0 0 0 0 0 0
B 1 7 0 0 0 0 0 0 0
B 2 7 0 0 0 0 0 0 0
m 6 0 0 0 0 0 0
D 1 0 124 4 0 1 0 124 4 0
B 0 7 0 0 0 0 0 0 0
B 1 7 0 0 0 0 0 0 0
B 2 7 0 0 0 0 0 0 0
m 6 0 0 0 0 0 0
D 2 0 124 8 32 2 0 124 14 20
B 0 7 5 5 46 0 0 4 28
B 1 7 2 1 3 1 0 2 8
B 2 7 0 0 0 0 0 0 0
m 6 8927 7626869 3214367 6996 3134 0
D 3 0 124 13 42 3 0 124 16 59
B 0 7 4 4 47 0 0 4 22
B 1 7 10 2 0 1 7 10 2169
B 2 7 0 0 0 0 0 0 0
m 6 8260 2514621 966670 2086 834 7119
D 4 0 124 8 43 4 0 124 22 57
B 0 7 7 7 36 0 0 7 82
B 1 7 6 1 5 1 4 6 1264
B 2 7 0 0 0 0 0 0 0
m 6 12312 4250283 1655257 3845 1615 7103
D 5 0 124 8 44 5 0 124 17 0
B 0 7 9 9 90 0 0 9 80
B 1 7 15 3 3 2 9 14 3110
B 2 7 1 0 0 0 1 1 921
m 6 18921 7011746 2429760 4780 2118 13442
D 6 0 124 4 0 6 0 124 4 0
B 0 7 0 0 0 0 0 0 0
B 1 7 0 0 0 0 0 0 0
B 2 7 0 0 0 0 0 0 0
m 6 0 0 0 0 0 0
D 7 0 124 13 21 7 0 124 13 21
B 0 7 0 0 1 0 0 0 0
B 1 7 0 0 1 0 0 0 0
B 2 7 0 0 0 0 0 0 0
m 6 86 78444 15685 19 15 10
D 8 0 124 9 11 8 0 124 17 12
B 0 7 9 9 84 0 0 9 23
B 1 7 6 0 7 1 5 6 1366
B 2 7 0 0 0 0 0 0 0
m 6 13345 5911716 2035854 4256 1715 7258
D 9 0 124 8 53 9 0 124 17 14
B 0 7 10 9 70 0 0 9 351
B 1 7 8 1 3 1 5 7 1745
B 2 7 0 0 0 0 0 0 0
m 6 15722 6666453 2520560 5297 2172 10151
D 10 0 124 9 11 10 0 124 15 55
B 0 7 13 11 71 0 0 12 602
B 1 7 20 0 2 2 16 18 5492
B 2 7 0 0 0 0 0 0 0
m 6 15279 6229576 2605033 4754 2257 12870
D 11 0 124 9 29 11 0 124 15 54
B 0 7 1 1 94 0 0 1 10
B 1 7 10 2 2 1 6 9 2150
B 2 7 0 0 0 0 0 0 0
m 6 10712 4628856 1745591 4282 1716 6179
D 12 0 124 8 32 12 0 124 11 11
B 0 7 0 0 3 0 0 0 0
B 1 7 0 0 2 0 0 0 0
B 2 7 0 0 0 0 0 0 0
m 6 272 88464 29018 83 32 272
D 13 0 124 4 0 13 0 124 4 0
B 0 7 0 0 0 0 0 0 0
B 1 7 0 0 0 0 0 0 0
B 2 7 0 0 0 0 0 0 0
m 6 0 0 0 0 0 0
D 14 0 124 4 0 14 0 124 4 0
B 0 7 0 0 0 0 0 0 0
B 1 7 0 0 0 0 0 0 0
B 2 7 0 0 0 0 0 0 0
m 6 0 0 0 0 0 0
D 15 0 124 4 0 15 0 124 4 0
B 0 7 0 0 0 0 0 0 0
B 1 7 0 0 0 0 0 0 0
B 2 7 0 0 0 0 0 0 0
m 6 0 0 0 0 0 0
D 16 0 124 9 24 16 0 124 16 51
B 0 7 6 6 105 0 0 6 347
B 1 7 9 5 1 0 4 9 1288
B 2 7 0 0 0 0 0 0 0
m 6 15344 5238901 2014722 4226 2008 6025
D 17 0 124 9 12 17 0 124 16 47
B 0 7 6 6 76 0 0 6 53
B 1 7 6 3 4 0 3 6 761
B 2 7 0 0 0 0 0 0 0
m 6 12544 3906546 1494040 1380 1525 6556
D 18 0 124 9 7 18 0 124 17 9
B 0 7 7 7 87 0 0 7 24
B 1 7 5 2 5 2 1 5 342
B 2 7 0 0 0 0 0 0 0
m 6 16706 6209893 2360454 5254 2069 7033
D 19 0 124 9 28 19 0 124 16 53
B 0 7 6 6 164 0 0 6 51
B 1 7 16 3 2 1 11 15 3700
B 2 7 0 0 0 0 0 0 0
m 6 15874 5597773 2082547 5432 2136 9760
D 21 0 124 17 4 21 0 124 17 10
B 0 7 0 0 5 0 0 0 0
B 1 7 0 0 2 0 0 0 0
B 2 7 0 0 0 0 0 0 0
m 6 335 193232 55373 105 56 20
D 22 0 124 9 4 22 0 124 16 57
B 0 7 4 4 66 0 0 4 136
B 1 7 11 2 4 0 7 9 2577
B 2 7 0 0 0 0 0 0 0
m 6 13714 4797364 1827004 4356 1738 7628
D 23 0 124 8 40 23 0 124 17 3
B 0 7 7 7 133 0 0 7 80
B 1 7 8 3 5 0 4 8 1344
B 2 7 0 0 0 0 0 0 0
m 6 17941 6505199 2477577 5436 2448 9597
D 24 0 124 8 58 24 0 124 16 58
B 0 7 13 10 82 0 0 11 622
B 1 7 12 2 4 1 7 11 2616
B 2 7 2 1 0 0 0 1 1224
m 6 19224 6742610 2660723 5860 2612 11590
D 25 0 124 8 46 25 0 124 17 7
B 0 7 7 7 68 0 0 7 382
B 1 7 11 2 4 0 8 10 2779
B 2 7 0 0 0 0 0 0 0
m 6 16416 5854289 2290895 5158 2114 9021
D 26 0 124 8 39 26 0 124 14 38
B 0 7 4 4 71 0 0 4 41
B 1 7 7 2 4 1 4 7 1301
B 2 7 0 0 0 0 0 0 0
m 6 12234 4821042 1772726 4237 1745 5475
D 29 0 124 9 9 29 0 124 17 10
B 0 7 5 5 123 0 0 5 50
B 1 7 7 4 4 0 3 7 968
B 2 7 0 0 0 0 0 0 0
m 6 16070 5126283 1845798 4092 1971 6489
D 30 0 124 9 2 30 0 124 15 39
B 0 7 1 1 76 0 0 1 0
B 1 7 3 2 6 0 1 3 331
B 2 7 0 0 0 0 0 0 0
m 6 9298 3783965 1289396 3054 1301 3414
D 31 0 124 9 40 31 0 124 15 51
B 0 7 1 0 103 0 0 1 39
B 1 7 9 3 2 1 5 9 1577
B 2 7 0 0 0 0 0 0 0
m 6 13049 4776094 1558636 3970 1542 7570
D 1 1 124 9 4 1 1 124 16 34
B 0 7 4 4 123 0 0 4 20
B 1 7 8 3 3 0 5 8 1381
B 2 7 0 0 0 0 0 0 0
m 6 14403 4784191 1729687 3964 1935 4018
D 2 1 124 9 11 2 1 124 16 37
B 0 7 7 5 81 0 0 5 532
B 1 7 11 2 4 1 5 9 2193
B 2 7 0 0 0 0 0 0 0
m 6 17372 4777215 1944439 4309 1745 13561
D 3 1 124 4 0 3 1 124 4 0
B 0 7 0 0 0 0 0 0 0
B 1 7 0 0 0 0 0 0 0
B 2 7 0 0 0 0 0 0 0
m 6 0 0 0 0 0 0
D 5 1 124 9 9 5 1 124 17 13
B 0 7 12 10 86 0 1 11 335
B 1 7 12 2 3 1 8 11 2755
B 2 7 1 1 0 0 0 1 20
m 6 18020 4889722 1869710 4215 1732 13396
D 6 1 124 9 30 6 1 124 17 0
B 0 7 7 6 80 0 1 7 277
B 1 7 13 4 3 0 8 12 2747
B 2 7 0 0 0 0 0 0 0
m 6 15722 4582668 1824335 4883 1844 9644
D 7 1 124 4 0 7 1 124 17 26
B 0 7 9 7 122 0 0 8 426
B 1 7 13 4 3 0 6 10 2779
B 2 7 0 0 0 0 0 0 0
m 6 16390 5341123 2344616 2106 2396 8688
D 8 1 124 9 42 8 1 124 16 47
B 0 7 8 8 93 0 0 8 415
B 1 7 14 4 1 1 7 12 2816
B 2 7 0 0 0 0 0 0 0
m 6 17094 5827214 2257221 4580 2035 11024
D 9 1 124 9 17 9 1 124 16 46
B 0 7 4 4 56 0 0 4 28
B 1 7 11 1 3 1 6 9 2507
B 2 7 0 0 0 0 0 0 0
m 6 12911 3211537 1223352 2628 1237 11324
D 10 1 124 4 0 10 1 124 4 0
B 0 7 0 0 0 0 0 0 0
B 1 7 0 0 0 0 0 0 0
B 2 7 0 0 0 0 0 0 0
m 6 0 0 0 0 0 0
D 11 1 124 4 0 11 1 124 4 0
B 0 7 0 0 0 0 0 0 0
B 1 7 0 0 0 0 0 0 0
B 2 7 0 0 0 0 0 0 0
m 6 0 0 0 0 0 0
D 12 1 124 9 5 12 1 124 17 27
B 0 7 11 10 130 0 0 10 278
B 1 7 17 3 2 1 11 15 4114
B 2 7 1 1 0 0 0 1 1
m 6 18001 6472300 2628006 5440 2394 15535
D 13 1 124 9 21 13 1 124 17 25
B 0 7 5 5 108 0 0 5 337
B 1 7 11 4 2 0 5 9 2121
B 2 7 0 0 0 0 0 0 0
m 6 15421 5415070 2158868 4593 1961 10005
D 14 1 124 9 28 14 1 124 17 46
B 0 7 7 6 114 0 0 7 170
B 1 7 13 6 1 0 5 11 2234
B 2 7 1 0 0 0 0 1 421
m 6 18421 6684840 2559524 4970 2146 13837
D 15 1 124 9 3 15 1 124 17 10
B 0 7 8 8 115 0 0 7 78
B 1 7 14 3 1 2 8 13 2813
B 2 7 1 0 0 0 1 1 876
m 6 18876 6980367 2577944 5126 2414 12658
D 16 1 124 9 8 16 1 124 17 18
B 0 7 7 4 118 0 0 5 689
B 1 7 8 2 4 1 5 8 1543
B 2 7 0 0 0 0 0 0 0
m 6 15524 5069050 1759297 3679 1591 8689
D 17 1 124 4 0 17 1 124 4 0
B 0 7 0 0 0 0 0 0 0
B 1 7 0 0 0 0 0 0 0
B 2 7 0 0 0 0 0 0 0
m 6 0 5 2 0 1 0
D 20 1 124 9 8 20 1 124 16 57
B 0 7 7 6 103 1 0 7 87
B 1 7 8 4 4 0 4 8 1288
B 2 7 0 0 0 0 0 0 0
m 6 17697 6081271 2290519 4507 1997 15007
D 21 1 124 9 8 21 1 124 16 56
B 0 7 5 5 99 0 0 5 39
B 1 7 8 3 5 0 5 8 1526
B 2 7 0 0 0 0 0 0 0
m 6 15076 4418249 1988669 3704 1939 8729
D 22 1 124 9 5 22 1 124 17 24
B 0 7 5 4 172 0 0 5 295
B 1 7 9 3 3 0 5 8 1886
B 2 7 0 0 0 0 0 0 0
m 6 13225 3780353 1761229 3320 1749 8017
D 23 1 124 9 15 23 1 124 16 59
B 0 7 9 8 101 0 0 8 372
B 1 7 10 0 3 2 7 10 2288
B 2 7 0 0 0 0 0 0 0
m 6 15707 3705264 1730753 3319 1620 11690
D 24 1 124 4 0 24 1 124 4 0
B 0 7 0 0 0 0 0 0 0
B 1 7 0 0 0 0 0 0 0
B 2 7 0 0 0 0 0 0 0
m 6 0 0 0 0 0 0
D 25 1 124 4 0 25 1 124 4 0
B 0 7 0 0 0 0 0 0 0
B 1 7 0 0 0 0 0 0 0
B 2 7 0 0 0 0 0 0 0
m 6 0 0 0 0 0 0
D 26 1 124 8 57 26 1 124 17 13
B 0 7 3 3 162 0 0 3 14
B 1 7 10 3 3 1 5 10 2078
B 2 7 0 0 0 0 0 0 0
m 6 14385 4537315 1878107 1015 1870 5931
D 27 1 124 9 20 27 1 124 16 11
B 0 7 7 5 102 0 0 6 890
B 1 7 20 2 1 0 13 15 5297
B 2 7 0 0 0 0 0 0 0
m 6 15283 5623908 2433765 5681 2529 7595
D 28 1 124 9 10 28 1 124 16 39
B 0 7 0 0 120 0 0 0 0
B 1 7 5 3 4 0 2 5 682
B 2 7 0 0 0 0 0 0 0
m 6 11588 3834393 1337278 2970 1457 6816
D 29 1 124 8 29 29 1 124 16 58
B 0 7 4 4 131 0 0 4 55
B 1 7 5 3 6 0 1 4 624
B 2 7 0 0 0 0 0 0 0
m 6 13705 4698612 1647346 3899 1591 8576
D 1 2 124 9 25 1 2 124 16 5
B 0 7 0 0 71 0 0 0 166
B 1 7 6 2 3 1 3 6 940
B 2 7 0 0 0 0 0 0 0
m 6 10291 3747634 1349206 3253 1219 6764
D 2 2 124 4 0 2 2 124 4 0
B 0 7 0 0 0 0 0 0 0
B 1 7 0 0 0 0 0 0 0
B 2 7 0 0 0 0 0 0 0
m 6 0 0 0 0 0 0
D 3 2 124 4 0 3 2 124 4 0
B 0 7 0 0 0 0 0 0 0
B 1 7 0 0 0 0 0 0 0
B 2 7 0 0 0 0 0 0 0
m 6 0 0 0 0 0 0
D 4 2 124 8 1 4 2 124 8 4
B 0 7 0 0 3 0 0 0 0
B 1 7 0 0 1 0 0 0 0
B 2 7 0 0 0 0 0 0 0
m 6 251 47397 21054 42 26 360
D 5 2 124 9 5 5 2 124 15 38
B 0 7 3 3 119 0 0 3 6
B 1 7 5 3 3 0 1 4 638
B 2 7 0 0 0 0 0 0 0
m 6 10952 2049289 744833 1640 709 6124
D 6 2 124 9 32 6 2 124 15 42
B 0 7 1 1 145 0 0 1 8
B 1 7 4 3 3 0 1 4 351
B 2 7 0 0 0 0 0 0 0
m 6 11971 0 0 0 0 6929
D 7 2 124 9 8 7 2 124 16 52
B 0 7 1 1 122 0 0 1 5
B 1 7 1 1 8 0 0 1 0
B 2 7 0 0 0 0 0 0 0
m 6 10513 0 0 0 0 4310
D 8 2 124 9 24 8 2 124 17 3
B 0 7 1 1 133 0 0 1 28
B 1 7 9 3 4 1 4 8 1589
B 2 7 0 0 0 0 0 0 0
m 6 15544 605 0 0 1 5597
D 11 2 124 9 4 11 2 124 22 33
B 0 7 0 0 157 0 0 0 0
B 1 7 4 2 5 0 2 4 652
B 2 7 0 0 0 0 0 0 0
m 6 9880 3423711 1128463 2934 1052 4568
D 12 2 124 9 0 12 2 124 16 46
B 0 7 0 0 125 0 0 0 0
B 1 7 5 2 4 0 3 5 940
B 2 7 0 0 0 0 0 0 0
m 6 13375 5245611 1753250 3 1726 4851
D 13 2 124 9 23 13 2 124 18 12
B 0 7 11 10 97 0 0 10 240
B 1 7 7 2 8 1 3 5 1476
B 2 7 0 0 0 0 0 0 0
m 6 16028 6238088 2330472 5904 2467 8302
D 14 2 124 9 6 14 2 124 16 59
B 0 7 5 4 119 0 0 4 227
B 1 7 7 4 2 0 4 7 1055
B 2 7 0 0 0 0 0 0 0
m 6 14705 5225103 2027078 5084 2098 6912
D 15 2 124 9 21 15 2 124 15 41
B 0 7 3 3 101 0 0 3 22
B 1 7 11 2 1 1 6 10 2168
B 2 7 0 0 0 0 0 0 0
m 6 13697 3934500 1415570 3468 1337 11134
D 16 2 124 4 0 16 2 124 4 0
B 0 7 0 0 0 0 0 0 0
B 1 7 0 0 0 0 0 0 0
B 2 7 0 0 0 0 0 0 0
m 6 0 0 0 0 0 0
D 17 2 124 4 0 17 2 124 4 0
B 0 7 0 0 0 0 0 0 0
B 1 7 0 0 0 0 0 0 0
B 2 7 0 0 0 0 0 0 0
m 6 0 0 0 0 0 0
D 18 2 124 7 51 18 2 124 8 17
B 0 7 0 0 5 0 0 0 0
B 1 7 0 0 2 0 0 0 0
B 2 7 0 0 0 0 0 0 0
m 6 289 73957 23021 79 38 206
D 19 2 124 8 50 19 2 124 16 56
B 0 7 3 3 115 0 0 3 14
B 1 7 7 3 3 0 2 5 1253
B 2 7 0 0 0 0 0 0 0
m 6 16325 5484658 2084135 3096 1958 9428
D 20 2 124 7 54 20 2 124 16 44
B 0 7 3 3 140 0 0 3 5
B 1 7 2 1 4 1 0 2 11
B 2 7 0 0 0 0 0 0 0
m 6 9563 2940462 965401 2522 1147 4188
D 21 2 124 9 13 21 2 124 16 52
B 0 7 6 5 142 0 0 5 375
B 1 7 6 3 6 1 1 5 674
B 2 7 0 0 0 0 0 0 0
m 6 13451 5375008 1837499 4016 1746 7478
D 22 2 124 9 5 22 2 124 16 12
B 0 7 7 6 118 0 0 7 91
B 1 7 7 3 3 1 2 6 1111
B 2 7 0 0 0 0 0 0 0
m 6 15609 5790222 2097485 4281 2114 7661
D 23 2 124 4 0 23 2 124 4 0
B 0 7 0 0 0 0 0 0 0
B 1 7 0 0 0 0 0 0 0
B 2 7 0 0 0 0 0 0 0
m 6 0 0 0 0 0 0
D 24 2 124 4 0 24 2 124 4 0
B 0 7 0 0 0 0 0 0 0
B 1 7 0 0 0 0 0 0 0
B 2 7 0 0 0 0 0 0 0
m 6 0 0 0 0 0 0
D 25 2 124 9 6 25 2 124 18 3
B 0 7 6 5 114 0 0 6 693
B 1 7 12 2 3 1 6 10 2514
B 2 7 0 0 0 0 0 0 0
m 6 15660 6213022 2228919 1869 2098 9297
D 26 2 124 8 51 26 2 124 16 4
B 0 7 9 8 72 0 0 8 454
B 1 7 14 3 2 1 8 12 2845
B 2 7 0 0 0 0 0 0 0
m 6 17701 6751480 2268913 5934 1904 13744
D 27 2 124 8 50 27 2 124 20 32
B 0 7 11 10 101 0 0 10 738
B 1 7 20 2 4 2 14 18 4686
B 2 7 3 1 0 0 2 3 2419
m 6 20419 7990835 2933101 8676 2987 19339
D 28 2 124 4 0 28 2 124 4 0
B 0 7 0 0 0 0 0 0 0
B 1 7 0 0 0 0 0 0 0
B 2 7 0 0 0 0 0 0 0
m 6 0 0 0 0 0 0
D 29 2 124 4 0 29 2 124 4 0
B 0 7 0 0 0 0 0 0 0
B 1 7 0 0 0 0 0 0 0
B 2 7 0 0 0 0 0 0 0
m 6 0 3382 0 0 0 0
D 1 3 124 9 9 1 3 124 17 23
B 0 7 7 5 152 0 0 6 687
B 1 7 5 3 5 0 2 5 651
B 2 7 0 0 0 0 0 0 0
m 6 12597 5011858 1723236 4208 1833 6516
D 2 3 124 9 35 2 3 124 16 56
B 0 7 9 9 67 0 0 9 96
B 1 7 13 2 4 2 8 12 2563
B 2 7 1 0 0 0 1 1 1047
m 6 19047 7368670 2641780 5884 2395 14313
D 3 3 124 4 0 3 3 124 4 0
B 0 7 0 0 0 0 0 0 0
B 1 7 0 0 0 0 0 0 0
B 2 7 0 0 0 0 0 0 0
m 6 0 0 0 0 0 0
D 4 3 124 9 6 4 3 124 17 1
B 0 7 1 1 146 0 0 1 8
B 1 7 13 2 5 0 7 10 3179
B 2 7 0 0 0 0 0 0 0
m 6 12866 4453571 1634934 3820 1507 6553
D 5 3 124 9 16 5 3 124 17 18
B 0 7 4 4 87 0 0 4 33
B 1 7 8 1 3 2 5 8 1535
B 2 7 0 0 0 0 0 0 0
m 6 13903 4878415 1686311 4083 1573 8695
D 6 3 124 4 0 6 3 124 4 0
B 0 7 0 0 0 0 0 0 0
B 1 7 0 0 0 0 0 0 0
B 2 7 0 0 0 0 0 0 0
m 6 0 0 0 0 0 0
D 7 3 124 4 0 7 3 124 4 0
B 0 7 0 0 0 0 0 0 0
B 1 7 0 0 0 0 0 0 0
B 2 7 0 0 0 0 0 0 0
m 6 0 0 0 0 0 0
D 8 3 124 8 53 8 3 124 18 7
B 0 7 10 9 93 0 0 10 611
B 1 7 37 2 1 1 29 32 10291
B 2 7 3 0 0 0 3 3 3210
m 6 21210 7448924 3155418 2295 2967 15438
D 9 3 124 9 36 9 3 124 16 28
B 0 7 6 5 104 0 0 6 106
B 1 7 15 1 2 1 11 13 3809
B 2 7 0 0 0 0 0 0 0
m 6 15334 4318590 1778426 3816 1778 13397
D 10 3 124 9 2 10 3 124 17 20
B 0 7 5 5 167 0 0 5 44
B 1 7 13 3 4 1 9 13 2839
B 2 7 0 0 0 0 0 0 0
m 6 17064 5049190 1842426 3936 1717 14765
D 11 3 124 7 53 11 3 124 17 12
B 0 7 5 5 122 0 0 5 62
B 1 7 10 4 1 1 4 9 1576
B 2 7 0 0 0 0 0 0 0
m 6 15192 4882803 1872547 4312 2003 12699
D 12 3 124 9 27 12 3 124 16 37
B 0 7 8 6 92 0 0 6 546
B 1 7 12 4 2 0 5 9 2499
B 2 7 0 0 0 0 0 0 0
m 6 15281 5335698 2088495 4528 1909 12436
D 13 3 124 4 0 13 3 124 4 0
B 0 7 0 0 0 0 0 0 0
B 1 7 0 0 0 0 0 0 0
B 2 7 0 0 0 0 0 0 0
m 6 0 0 0 0 0 0
D 14 3 124 4 0 14 3 124 4 0
B 0 7 0 0 0 0 0 0 0
B 1 7 0 0 0 0 0 0 0
B 2 7 0 0 0 0 0 0 0
m 6 0 0 0 0 0 0
D 15 3 124 8 47 15 3 124 22 51
B 0 7 11 6 132 0 0 8 1276
B 1 7 6 3 7 0 2 5 971
B 2 7 0 0 0 0 0 0 0
m 6 17557 6363267 2343878 6225 2222 12584
D 16 3 124 8 35 16 3 124 15 53
B 0 7 11 9 66 0 0 9 764
B 1 7 8 3 1 0 2 5 1563
B 2 7 0 0 0 0 0 0 0
m 6 14679 5142856 2024401 4476 1935 11819
D 17 3 124 8 34 17 3 124 17 26
B 0 7 4 3 106 0 0 4 218
B 1 7 9 2 4 1 4 7 1623
B 2 7 0 0 0 0 0 0 0
m 6 17072 6015090 2375924 5151 2233 11755
D 18 3 124 8 38 18 3 124 17 11
B 0 7 2 1 68 0 0 2 99
B 1 7 2 0 7 1 1 2 300
B 2 7 0 0 0 0 0 0 0
m 6 8338 2310463 977335 1208 1072 5144
D 19 3 124 8 47 19 3 124 16 57
B 0 7 5 5 128 0 0 5 50
B 1 7 10 3 3 2 5 10 1553
B 2 7 0 0 0 0 0 0 0
m 6 16428 4441039 2047118 3824 1988 11908
D 20 3 124 4 0 20 3 124 4 0
B 0 7 0 0 0 0 0 0 0
B 1 7 0 0 0 0 0 0 0
B 2 7 0 0 0 0 0 0 0
m 6 0 0 0 0 0 0
D 21 3 124 4 0 21 3 124 4 0
B 0 7 0 0 0 0 0 0 0
B 1 7 0 0 0 0 0 0 0
B 2 7 0 0 0 0 0 0 0
m 6 0 0 0 0 0 0
D 22 3 124 9 20 22 3 124 16 23
B 0 7 6 4 92 0 0 6 708
B 1 7 8 3 5 0 3 6 1546
B 2 7 0 0 0 0 0 0 0
m 6 15746 4176918 2108778 3854 2019 14440
D 23 3 124 9 20 23 3 124 17 34
B 0 7 6 6 120 0 0 6 44
B 1 7 11 3 5 1 6 11 2187
B 2 7 1 0 0 0 1 1 306
m 6 18306 5227263 2300010 1609 1983 13063
D 24 3 124 9 32 24 3 124 16 55
B 0 7 7 6 102 0 0 7 111
B 1 7 7 3 5 0 4 7 1268
B 2 7 0 0 0 0 0 0 0
m 6 14224 3902825 1776586 3698 1605 5626
D 25 3 124 7 52 25 3 124 17 10
B 0 7 3 3 134 0 0 3 48
B 1 7 4 2 6 1 1 4 47
B 2 7 0 0 0 0 0 0 0
m 6 14042 3808515 1552598 3538 1532 8771
D 26 3 124 11 37 26 3 124 16 2
B 0 7 0 0 103 0 0 0 0
B 1 7 5 2 3 0 2 4 931
B 2 7 0 0 0 0 0 0 0
m 6 6770 2445533 1118812 75 953 5319
D 27 3 124 4 0 27 3 124 4 0
B 0 7 0 0 0 0 0 0 0
B 1 7 0 0 0 0 0 0 0
B 2 7 0 0 0 0 0 0 0
m 6 0 0 0 0 0 0
D 28 3 124 4 0 28 3 124 4 0
B 0 7 0 0 0 0 0 0 0
B 1 7 0 0 0 0 0 0 0
B 2 7 0 0 0 0 0 0 0
m 6 0 0 0 0 0 0
D 29 3 124 9 8 29 3 124 16 2
B 0 7 2 2 138 0 0 2 21
B 1 7 6 2 2 0 4 6 1053
B 2 7 0 0 0 0 0 0 0
m 6 12407 3594150 1532029 3106 1568 8704
D 30 3 124 8 7 30 3 124 16 56
B 0 7 0 0 209 0 0 0 0
B 1 7 10 2 6 0 6 8 2309
B 2 7 0 0 0 0 0 0 0
m 6 13950 4179652 1667681 2658 1832 9267
D 1 4 124 9 6 1 4 124 17 2
B 0 7 4 3 117 0 1 4 415
B 1 7 16 2 1 0 11 14 3942
B 2 7 0 0 0 0 0 0 0
m 6 14770 3544495 1322044 3288 1395 9673
D 2 4 124 9 45 2 4 124 17 59
B 0 7 0 0 160 0 0 0 0
B 1 7 8 2 5 1 3 6 1575
B 2 7 0 0 0 0 0 0 0
m 6 13979 3572879 1248156 2791 1457 10309
D 3 4 124 9 12 3 4 124 15 58
B 0 7 1 1 183 0 0 1 18
B 1 7 4 2 1 1 1 4 355
B 2 7 0 0 0 0 0 0 0
m 6 10040 2704566 892494 1954 972 10123
D 4 4 124 4 0 4 4 124 4 0
B 0 7 0 0 0 0 0 0 0
B 1 7 0 0 0 0 0 0 0
B 2 7 0 0 0 0 0 0 0
m 6 0 0 0 0 0 0
D 5 4 124 4 0 5 4 124 4 0
B 0 7 0 0 0 0 0 0 0
B 1 7 0 0 0 0 0 0 0
B 2 7 0 0 0 0 0 0 0
m 6 0 0 0 0 0 0
D 6 4 124 9 11 6 4 124 16 2
B 0 7 3 3 69 0 0 3 18
B 1 7 5 2 3 0 3 5 696
B 2 7 0 0 0 0 0 0 0
m 6 9569 2449873 1070106 2300 1177 4523
D 7 4 124 8 6 7 4 124 16 10
B 0 7 1 1 84 0 0 1 15
B 1 7 1 1 5 0 0 1 9
B 2 7 0 0 0 0 0 0 0
m 6 8378 2011778 901393 1665 952 5771
D 8 4 124 8 4 8 4 124 8 17
B 0 7 0 0 3 0 0 0 0
B 1 7 0 0 1 0 0 0 0
B 2 7 0 0 0 0 0 0 0
m 6 594 131393 87454 134 95 726
D 9 4 124 8 59 9 4 124 20 50
B 0 7 11 9 79 0 0 9 754
B 1 7 12 2 6 3 7 12 2238
B 2 7 1 0 0 0 0 1 261
m 6 18261 5505361 2739287 4961 2554 15847
D 10 4 124 9 14 10 4 124 16 27
B 0 7 5 4 95 0 0 5 187
B 1 7 3 2 5 1 0 3 15
B 2 7 0 0 0 0 0 0 0
m 6 12526 3337246 1341722 2998 1303 9723
D 11 4 124 4 0 11 4 124 4 0
B 0 7 0 0 0 0 0 0 0
B 1 7 0 0 0 0 0 0 0
B 2 7 0 0 0 0 0 0 0
m 6 0 0 0 0 0 0
D 12 4 124 4 0 12 4 124 4 0
B 0 7 0 0 0 0 0 0 0
B 1 7 0 0 0 0 0 0 0
B 2 7 0 0 0 0 0 0 0
m 6 0 0 0 0 0 0
D 13 4 124 9 2 13 4 124 17 30
B 0 7 4 3 105 0 0 3 109
B 1 7 12 4 3 0 6 10 2232
B 2 7 0 0 0 0 0 0 0
m 6 16548 3944900 1651260 4098 1795 9717
D 14 4 124 8 58 14 4 124 16 15
B 0 7 5 4 68 0 0 5 103
B 1 7 4 1 3 1 2 4 642
B 2 7 0 0 0 0 0 0 0
m 6 9719 3285736 1407406 2954 1471 4904
D 15 4 124 9 10 15 4 124 16 29
B 0 7 5 5 86 0 0 5 348
B 1 7 11 3 4 0 5 8 2260
B 2 7 0 0 0 0 0 0 0
m 6 14123 4246225 1873800 3716 1789 6900
D 16 4 124 9 12 16 4 124 18 2
B 0 7 8 8 106 0 0 8 83
B 1 7 14 2 4 2 9 14 3073
B 2 7 2 0 0 0 1 2 1307
m 6 19307 5142730 2053152 4861 2042 10942
D 17 4 124 9 28 17 4 124 16 26
B 0 7 8 6 81 0 0 7 581
B 1 7 7 3 1 1 2 6 831
B 2 7 0 0 0 0 0 0 0
m 6 14867 4023214 1646334 3823 1604 8991
D 18 4 124 4 0 18 4 124 4 0
B 0 7 0 0 0 0 0 0 0
B 1 7 0 0 0 0 0 0 0
B 2 7 0 0 0 0 0 0 0
m 6 0 0 0 0 0 0
D 19 4 124 4 0 19 4 124 4 0
B 0 7 0 0 0 0 0 0 0
B 1 7 0 0 0 0 0 0 0
B 2 7 0 0 0 0 0 0 0
m 6 0 0 0 0 0 0
D 20 4 124 9 10 20 4 124 17 53
B 0 7 6 6 132 0 0 6 32
B 1 7 7 5 4 0 2 7 692
B 2 7 0 0 0 0 0 0 0
m 6 16939 6026863 2444018 1233 2130 9723
D 21 4 124 9 8 21 4 124 18 8
B 0 7 4 4 138 0 0 4 65
B 1 7 9 1 1 1 7 8 4603
B 2 7 0 0 0 0 0 0 0
m 6 17049 5066835 1862859 2971 1700 12218
D 22 4 124 9 3 22 4 124 17 13
B 0 7 3 3 97 0 0 3 363
B 1 7 8 0 2 0 6 6 4068
B 2 7 0 0 0 0 0 0 0
m 6 14602 3339656 1336635 3065 1289 11155
D 23 4 124 8 53 23 4 124 18 3
B 0 7 13 8 105 0 0 8 2265
B 1 7 13 2 1 2 3 7 5019
B 2 7 0 0 0 0 0 0 0
m 6 21444 5536472 2468321 6161 2392 17092
D 24 4 124 8 39 24 4 124 17 50
B 0 7 11 10 111 0 0 10 300
B 1 7 10 3 1 2 3 8 3133
B 2 7 0 0 0 0 0 0 0
m 6 18459 3842562 1673555 4387 1621 19059
D 25 4 124 4 0 25 4 124 4 0
B 0 7 0 0 0 0 0 0 0
B 1 7 0 0 0 0 0 0 0
B 2 7 0 0 0 0 0 0 0
m 6 0 0 0 0 0 0
D 26 4 124 4 0 26 4 124 4 0
B 0 7 0 0 0 0 0 0 0
B 1 7 0 0 0 0 0 0 0
B 2 7 0 0 0 0 0 0 0
m 6 0 0 0 0 0 0
D 27 4 124 4 0 27 4 124 4 0
B 0 7 0 0 0 0 0 0 0
B 1 7 0 0 0 0 0 0 0
B 2 7 0 0 0 0 0 0 0
m 6 0 0 0 0 0 0
D 28 4 124 9 35 28 4 124 14 20
B 0 7 12 8 37 0 0 9 1210
B 1 7 8 1 1 0 5 6 4149
B 2 7 0 0 0 0 0 0 0
m 6 12887 2856327 1325471 3179 1168 14003
D 29 4 124 9 34 29 4 124 16 56
B 0 7 6 5 91 0 0 5 727
B 1 7 8 1 4 0 6 7 3643
B 2 7 0 0 0 0 0 0 0
m 6 12813 3531573 1569244 3808 1585 5581
D 30 4 124 9 35 30 4 124 17 56
B 0 7 3 2 114 0 0 3 231
B 1 7 9 1 5 0 7 7 4935
B 2 7 0 0 0 0 0 0 0
m 6 15765 4147704 1896883 4048 1863 4671
D 31 4 124 9 17 31 4 124 16 13
B 0 7 3 3 140 0 0 3 53
B 1 7 6 2 0 0 3 5 1944
B 2 7 0 0 0 0 0 0 0
m 6 13950 3199208 1445843 3431 1473 6918
D 1 5 124 4 0 1 5 124 4 0
B 0 7 0 0 0 0 0 0 0
B 1 7 0 0 0 0 0 0 0
B 2 7 0 0 0 0 0 0 0
m 6 0 0 0 0 0 0
D 2 5 124 4 0 2 5 124 4 0
B 0 7 0 0 0 0 0 0 0
B 1 7 0 0 0 0 0 0 0
B 2 7 0 0 0 0 0 0 0
m 6 0 0 0 0 0 0
D 3 5 124 9 29 3 5 124 17 19
B 0 7 4 1 110 0 0 2 564
B 1 7 5 3 5 0 2 4 1280
B 2 7 0 0 0 0 0 0 0
m 6 15020 5374309 1996321 2185 1863 8296
D 4 5 124 9 34 4 5 124 18 24
B 0 7 3 3 84 0 0 3 51
B 1 7 7 2 3 1 1 5 2422
B 2 7 0 0 0 0 0 0 0
m 6 15979 6250217 2118702 4205 1760 10227
D 5 5 124 9 4 5 5 124 16 14
B 0 7 6 5 78 0 0 5 354
B 1 7 4 0 3 0 3 3 2156
B 2 7 0 0 0 0 0 0 0
m 6 11807 4529145 1570196 4500 1353 5282
D 6 5 124 9 5 6 5 124 16 54
B 0 7 13 7 31 0 0 9 1211
B 1 7 3 1 5 1 0 2 612
B 2 7 0 0 0 0 0 0 0
m 6 12852 4652170 1550160 4007 1233 11185
D 7 5 124 9 20 7 5 124 17 40
B 0 7 12 9 88 0 0 10 949
B 1 7 11 3 2 1 2 6 4239
B 2 7 0 0 0 0 0 0 0
m 6 19341 6609177 2517175 7126 2298 15297
D 8 5 124 4 0 8 5 124 4 0
B 0 7 0 0 1 0 0 0 0
B 1 7 0 0 1 0 0 0 0
B 2 7 0 0 0 0 0 0 0
m 6 9 0 0 0 0 0
D 9 5 124 4 0 9 5 124 4 0
B 0 7 0 0 0 0 0 0 0
B 1 7 0 0 0 0 0 0 0
B 2 7 0 0 0 0 0 0 0
m 6 0 0 0 0 0 0
D 10 5 124 9 16 10 5 124 21 9
B 0 7 18 16 69 0 0 16 1210
B 1 7 16 2 3 2 12 15 7674
B 2 7 0 0 0 0 0 0 0
m 6 21783 7117304 3138994 7042 2261 18964
D 11 5 124 11 2 11 5 124 17 34
B 0 7 3 2 43 0 0 3 147
B 1 7 0 0 5 0 0 0 0
B 2 7 0 0 0 0 0 0 0
m 6 5059 1222629 427605 781 529 3308
D 12 5 124 9 32 12 5 124 16 37
B 0 7 6 6 107 0 0 6 61
B 1 7 2 2 5 0 0 2 8
B 2 7 0 0 0 0 0 0 0
m 6 11508 2868685 1031951 4398 1573 8025
D 13 5 124 9 37 16 5 124 22 39
B 0 7 9 5 76 0 1 7 1122
B 1 7 2 0 6 0 2 2 1112
B 2 7 0 0 0 0 0 0 0
m 6 11804 3148526 1478291 4468 2379 7431
D 17 5 124 9 4 17 5 124 21 2
B 0 7 8 5 97 0 0 6 281
B 1 7 3 3 7 0 2 3 909
B 2 7 0 0 0 0 0 0 0
m 6 18686 6675853 2843181 7168 2676 12580
D 18 5 124 9 5 18 5 124 18 38
B 0 7 7 7 46 0 0 7 84
B 1 7 4 2 5 1 2 4 1221
B 2 7 0 0 0 0 0 0 0
m 6 14218 4601955 2008572 4940 1774 10321
D 19 5 124 4 0 19 5 124 4 0
B 0 7 0 0 0 0 0 0 0
B 1 7 0 0 0 0 0 0 0
B 2 7 0 0 0 0 0 0 0
m 6 0 0 0 0 0 0
D 20 5 124 9 10 20 5 124 18 4
B 0 7 12 10 72 0 0 11 847
B 1 7 12 1 3 2 5 10 4415
B 2 7 0 0 0 0 0 0 0
m 6 21123 8107870 3380206 7075 2712 15442
D 21 5 124 9 15 21 5 124 16 53
B 0 7 12 10 61 0 0 10 1076
B 1 7 16 0 1 0 14 15 9014
B 2 7 0 0 0 0 0 0 0
m 6 18217 6796432 2985303 5509 2761 12433
D 22 5 124 4 0 22 5 124 4 0
B 0 7 0 0 0 0 0 0 0
B 1 7 0 0 0 0 0 0 0
B 2 7 0 0 0 0 0 0 0
m 6 0 0 0 0 0 0
D 23 5 124 4 0 23 5 124 4 0
B 0 7 0 0 0 0 0 0 0
B 1 7 0 0 0 0 0 0 0
B 2 7 0 0 0 0 0 0 0
m 6 0 0 0 0 0 0
D 24 5 124 9 15 24 5 124 21 51
B 0 7 6 5 97 0 0 5 1070
B 1 7 9 4 2 1 3 8 2532
B 2 7 0 0 0 0 0 0 0
m 6 17654 6395020 2608674 6294 2492 13819
D 25 5 124 8 45 25 5 124 17 41
B 0 7 19 17 62 0 0 18 496
B 1 7 8 2 4 0 4 7 1431
B 2 7 0 0 0 0 0 0 0
m 6 21941 7177699 3032707 3247 3055 17532
D 26 5 124 8 19 26 5 124 17 10
B 0 7 6 3 126 0 0 3 1229
B 1 7 7 2 6 0 5 7 2571
B 2 7 0 0 0 0 0 0 0
m 6 17529 6736243 2928528 7076 2807 10629
D 27 5 124 9 11 27 5 124 17 55
B 0 7 15 11 90 0 0 11 1521
B 1 7 16 2 3 0 12 14 8364
B 2 7 0 0 0 0 0 0 0
m 6 18973 7237935 3119636 7747 3083 14357
D 28 5 124 9 3 28 5 124 15 42
B 0 7 8 3 68 0 0 4 1664
B 1 7 2 1 5 0 1 2 620
B 2 7 0 0 0 0 0 0 0
m 6 10673 4353839 1862547 4051 1709 8822
D 29 5 124 4 0 29 5 124 4 0
B 0 7 0 0 0 0 0 0 0
B 1 7 0 0 0 0 0 0 0
B 2 7 0 0 0 0 0 0 0
m 6 0 0 0 0 0 0
D 30 5 124 10 12 30 5 124 15 4
B 0 7 0 0 27 0 0 0 0
B 1 7 0 0 2 0 0 0 0
B 2 7 0 0 0 0 0 0 0
m 6 1749 609757 284757 573 226 703
D 1 6 124 9 6 1 6 124 17 8
B 0 7 16 13 83 0 0 13 1130
B 1 7 12 4 0 0 7 11 4425
B 2 7 0 0 0 0 0 0 0
m 6 19438 7451068 3278214 7248 2974 15572
D 2 6 124 9 5 2 6 124 16 31
B 0 7 3 3 24 0 0 3 21
B 1 7 2 0 2 0 2 2 716
B 2 7 0 0 0 0 0 0 0
m 6 6720 2826206 1238005 1455 1090 5025
D 3 6 124 9 2 3 6 124 16 52
B 0 7 11 10 79 0 0 11 200
B 1 7 16 2 0 0 9 11 8218
B 2 7 0 0 0 0 0 0 0
m 6 17234 6537806 2850585 6176 2632 12818
D 4 6 124 4 0 4 6 124 4 0
B 0 7 0 0 0 0 0 0 0
B 1 7 0 0 0 0 0 0 0
B 2 7 0 0 0 0 0 0 0
m 6 0 0 0 0 0 0
D 5 6 124 11 39 5 6 124 11 40
B 0 7 0 0 2 0 0 0 0
B 1 7 0 0 1 0 0 0 0
B 2 7 0 0 0 0 0 0 0
m 6 54 51607 19836 18 7 2
D 6 6 124 4 0 6 6 124 4 0
B 0 7 0 0 0 0 0 0 0
B 1 7 0 0 0 0 0 0 0
B 2 7 0 0 0 0 0 0 0
m 6 0 0 0 0 0 0
D 7 6 124 4 0 7 6 124 4 0
B 0 7 0 0 0 0 0 0 0
B 1 7 0 0 0 0 0 0 0
B 2 7 0 0 0 0 0 0 0
m 6 0 0 0 0 0 0
D 8 6 124 8 15 8 6 124 17 19
B 0 7 17 13 63 0 0 13 1510
B 1 7 9 0 2 2 5 9 3559
B 2 7 0 0 0 0 0 0 0
m 6 20520 6956040 3077926 6856 2784 14004
D 9 6 124 9 19 9 6 124 16 52
B 0 7 12 11 48 0 0 11 323
B 1 7 5 1 5 1 2 5 1681
B 2 7 0 0 0 0 0 0 0
m 6 14664 5056756 2433025 5087 2382 12345
D 10 6 124 9 1 10 6 124 22 30
B 0 7 13 8 76 0 0 9 1804
B 1 7 12 1 3 0 6 9 5878
B 2 7 0 0 0 0 0 0 0
m 6 18194 6933236 3138467 6855 2992 15554
D 11 6 124 9 30 11 6 124 17 59
B 0 7 17 11 81 0 0 11 1979
B 1 7 17 1 0 1 12 15 8277
B 2 7 0 0 0 0 0 0 0
m 6 23294 8943914 4158514 8462 3623 19263
D 12 6 124 9 15 12 6 124 17 20
B 0 7 15 12 81 0 0 12 1329
B 1 7 12 3 1 1 8 12 4947
B 2 7 0 0 0 0 0 0 0
m 6 19114 5958020 2592840 5711 2425 19343
D 13 6 124 12 33 13 6 124 13 35
B 0 7 0 0 5 0 0 0 0
B 1 7 0 0 3 0 0 0 0
B 2 7 0 0 0 0 0 0 0
m 6 338 188505 93369 123 64 35
D 14 6 124 4 0 14 6 124 4 0
B 0 7 0 0 0 0 0 0 0
B 1 7 0 0 0 0 0 0 0
B 2 7 0 0 0 0 0 0 0
m 6 0 0 0 0 0 0
D 15 6 124 9 11 15 6 124 17 1
B 0 7 10 9 87 0 0 10 390
B 1 7 10 2 2 0 6 8 4039
B 2 7 0 0 0 0 0 0 0
m 6 18512 7209155 3424954 7223 3075 14480
D 16 6 124 8 59 16 6 124 18 41
B 0 7 12 8 77 0 0 9 1414
B 1 7 9 2 4 0 3 6 3503
B 2 7 0 0 0 0 0 0 0
m 6 19956 6937068 3000927 5001 2817 15102
D 17 6 124 8 38 17 6 124 18 45
B 0 7 10 5 177 0 0 6 1409
B 1 7 13 3 4 0 9 12 6080
B 2 7 0 0 0 0 0 0 0
m 6 19388 7257085 3182918 8075 3086 16670
D 18 6 124 9 28 18 6 124 16 55
B 0 7 6 5 100 0 0 5 651
B 1 7 12 2 0 1 6 11 4669
B 2 7 0 0 0 0 0 0 0
m 6 19659 6066458 2513890 6523 2385 15757
D 19 6 124 9 19 19 6 124 15 44
B 0 7 6 6 67 0 0 6 69
B 1 7 8 3 1 0 5 8 2642
B 2 7 0 0 0 0 0 0 0
m 6 16609 5250995 2383346 4973 2173 14091
D 20 6 124 14 59 20 6 124 15 2
B 0 7 0 0 1 0 0 0 0
B 1 7 0 0 1 0 0 0 0
B 2 7 0 0 0 0 0 0 0
m 6 267 46996 21850 81 30 202
D 21 6 124 4 0 21 6 124 4 0
B 0 7 0 0 0 0 0 0 0
B 1 7 0 0 0 0 0 0 0
B 2 7 0 0 0 0 0 0 0
m 6 0 0 0 0 0 0
D 22 6 124 8 56 22 6 124 16 27
B 0 7 10 7 100 0 0 8 1028
B 1 7 10 2 1 1 4 8 3985
B 2 7 0 0 0 0 0 0 0
m 6 18253 7103612 3268880 6509 2894 15951
D 23 6 124 9 25 23 6 124 17 41
B 0 7 8 6 121 0 0 6 715
B 1 7 8 3 2 1 4 8 2420
B 2 7 0 0 0 0 0 0 0
m 6 17105 6338784 2909185 4962 2636 13028
D 24 6 124 8 46 24 6 124 16 54
B 0 7 8 6 100 0 0 7 539
B 1 7 6 3 5 0 3 6 1884
B 2 7 0 0 0 0 0 0 0
m 6 15135 5286226 2267169 5301 2196 11829
D 25 6 124 9 27 25 6 124 16 34
B 0 7 7 7 87 0 0 7 70
B 1 7 6 2 6 0 3 5 2384
B 2 7 0 0 0 0 0 0 0
m 6 15354 5741725 2668006 4990 2302 14053
D 26 6 124 9 55 26 6 124 16 26
B 0 7 4 4 84 0 0 4 85
B 1 7 10 0 2 2 7 9 4483
B 2 7 0 0 0 0 0 0 0
m 6 15726 4653662 2102349 4305 2147 15749
D 27 6 124 4 0 27 6 124 4 0
B 0 7 0 0 0 0 0 0 0
B 1 7 0 0 0 0 0 0 0
B 2 7 0 0 0 0 0 0 0
m 6 0 0 0 0 0 0
D 28 6 124 4 0 28 6 124 4 0
B 0 7 0 0 0 0 0 0 0
B 1 7 0 0 0 0 0 0 0
B 2 7 0 0 0 0 0 0 0
m 6 0 0 0 0 0 0
D 29 6 124 9 20 29 6 124 17 23
B 0 7 10 6 88 0 0 7 810
B 1 7 10 1 1 1 6 8 4145
B 2 7 0 0 0 0 0 0 0
m 6 20080 6873713 3200015 6685 3083 14358
D 30 6 124 9 20 30 6 124 18 26
B 0 7 4 4 123 0 0 4 786
B 1 7 15 2 2 1 9 12 7256
B 2 7 0 0 0 0 0 0 0
m 6 17688 5900077 2797876 2507 2657 13067
D 31 6 124 4 0 31 6 124 4 0
B 0 7 0 0 0 0 0 0 0
B 1 7 0 0 0 0 0 0 0
B 2 7 0 0 0 0 0 0 0
m 6 0 0 0 0 0 0
D 1 7 124 4 0 1 7 124 4 0
B 0 7 0 0 0 0 0 0 0
B 1 7 0 0 0 0 0 0 0
B 2 7 0 0 0 0 0 0 0
m 6 0 0 0 0 0 0
D 2 7 124 4 0 2 7 124 4 0
B 0 7 0 0 0 0 0 0 0
B 1 7 0 0 0 0 0 0 0
B 2 7 0 0 0 0 0 0 0
m 6 0 0 0 0 0 0
D 3 7 124 4 0 3 7 124 4 0
B 0 7 0 0 0 0 0 0 0
B 1 7 0 0 0 0 0 0 0
B 2 7 0 0 0 0 0 0 0
m 6 0 0 0 0 0 0
D 4 7 124 4 0 4 7 124 4 0
B 0 7 0 0 0 0 0 0 0
B 1 7 0 0 0 0 0 0 0
B 2 7 0 0 0 0 0 0 0
m 6 0 0 0 0 0 0
D 5 7 124 4 0 5 7 124 4 0
B 0 7 0 0 0 0 0 0 0
B 1 7 0 0 0 0 0 0 0
B 2 7 0 0 0 0 0 0 0
m 6 0 0 0 0 0 0
D 6 7 124 4 0 6 7 124 4 0
B 0 7 0 0 0 0 0 0 0
B 1 7 0 0 0 0 0 0 0
B 2 7 0 0 0 0 0 0 0
m 6 0 0 0 0 0 0
D 7 7 124 22 44 7 7 124 22 47
B 0 7 0 0 2 0 0 0 0
B 1 7 0 0 2 0 0 0 0
B 2 7 0 0 0 0 0 0 0
m 6 228 73966 25374 71 25 15
D 8 7 124 9 36 8 7 124 18 50
B 0 7 12 11 104 0 0 11 442
B 1 7 14 2 2 0 9 13 6730
B 2 7 0 0 0 0 0 0 0
m 6 20577 5848442 2846811 6492 2740 14850
D 9 7 124 9 39 9 7 124 16 16
B 0 7 12 9 77 0 0 11 993
B 1 7 11 0 2 2 5 7 5172
B 2 7 0 0 0 0 0 0 0
m 6 16420 5193385 2452173 5190 2365 11733
D 10 7 124 4 0 10 7 124 4 0
B 0 7 0 0 0 0 0 0 0
B 1 7 0 0 0 0 0 0 0
B 2 7 0 0 0 0 0 0 0
m 6 0 0 0 0 0 0
D 11 7 124 4 0 11 7 124 4 0
B 0 7 0 0 0 0 0 0 0
B 1 7 0 0 0 0 0 0 0
B 2 7 0 0 0 0 0 0 0
m 6 0 0 0 0 0 0
D 12 7 124 9 11 12 7 124 17 31
B 0 7 17 14 81 0 0 15 573
B 1 7 12 3 2 3 4 10 3675
B 2 7 0 0 0 0 0 0 0
m 6 22313 6962770 3257854 2253 3231 20003
D 13 7 124 8 45 13 7 124 17 6
B 0 7 9 7 70 0 0 8 298
B 1 7 9 0 3 0 6 8 4949
B 2 7 0 0 0 0 0 0 0
m 6 16874 5266799 2588929 5867 2629 12430
D 14 7 124 9 44 14 7 124 18 46
B 0 7 18 12 42 0 0 13 1732
B 1 7 11 1 1 0 5 7 5264
B 2 7 0 0 0 0 0 0 0
m 6 17297 5385966 2718848 5537 2496 19114
D 15 7 124 9 58 15 7 124 18 16
B 0 7 7 7 104 0 0 7 83
B 1 7 11 0 1 1 7 9 5159
B 2 7 0 0 0 0 0 0 0
m 6 18315 5832114 2720034 5884 2446 14216
D 16 7 124 9 57 16 7 124 15 49
B 0 7 16 11 34 0 0 12 1484
B 1 7 11 1 0 1 6 9 4578
B 2 7 0 0 0 0 0 0 0
m 6 16589 4970534 2216300 5092 2233 16076
D 17 7 124 4 0 17 7 124 4 0
B 0 7 0 0 0 0 0 0 0
B 1 7 0 0 0 0 0 0 0
B 2 7 0 0 0 0 0 0 0
m 6 0 0 0 0 0 0
D 18 7 124 4 0 18 7 124 4 0
B 0 7 0 0 0 0 0 0 0
B 1 7 0 0 0 0 0 0 0
B 2 7 0 0 0 0 0 0 0
m 6 0 0 0 0 0 0
D 19 7 124 9 8 19 7 124 15 45
B 0 7 8 8 70 0 0 8 97
B 1 7 8 2 3 0 3 7 3403
B 2 7 0 0 0 0 0 0 0
m 6 15783 5338867 2285182 244 2355 13702
D 20 7 124 9 10 20 7 124 16 45
B 0 7 12 10 88 0 0 10 349
B 1 7 10 3 0 0 5 9 3303
B 2 7 0 0 0 0 0 0 0
m 6 18313 6413723 2854384 1663 2664 16624
D 21 7 124 9 11 21 7 124 17 6
B 0 7 10 9 92 0 0 9 215
B 1 7 11 3 4 1 6 10 4862
B 2 7 0 0 0 0 0 0 0
m 6 17392 6577784 2904409 4806 2838 12002
D 22 7 124 8 16 22 7 124 16 40
B 0 7 10 6 88 0 0 7 1029
B 1 7 11 2 2 1 5 9 4586
B 2 7 0 0 0 0 0 0 0
m 6 18753 7094888 3419976 7280 3377 11347
D 23 7 124 9 20 23 7 124 16 16
B 0 7 12 6 61 0 1 7 2008
B 1 7 10 2 3 0 7 8 5040
B 2 7 0 0 0 0 0 0 0
m 6 17539 6096923 2881562 6708 2900 11629
D 24 7 124 4 0 24 7 124 4 0
B 0 7 0 0 0 0 0 0 0
B 1 7 0 0 0 0 0 0 0
B 2 7 0 0 0 0 0 0 0
m 6 0 0 0 0 0 0
D 25 7 124 4 0 25 7 124 4 0
B 0 7 0 0 0 0 0 0 0
B 1 7 0 0 0 0 0 0 0
B 2 7 0 0 0 0 0 0 0
m 6 0 0 0 0 0 0
D 26 7 124 9 15 26 7 124 17 0
B 0 7 10 9 103 0 0 9 449
B 1 7 9 3 2 0 6 9 3099
B 2 7 0 0 0 0 0 0 0
m 6 18193 6695405 3128114 6613 2855 13891
D 27 7 124 9 21 27 7 124 16 19
B 0 7 14 11 100 0 0 11 848
B 1 7 7 3 1 1 2 6 1826
B 2 7 0 0 0 0 0 0 0
m 6 16375 5720063 2572244 5182 2295 15400
D 28 7 124 9 38 28 7 124 15 58
B 0 7 5 5 68 0 0 5 56
B 1 7 4 1 2 1 2 4 1143
B 2 7 0 0 0 0 0 0 0
m 6 13308 4532996 1977381 3248 1760 8900
D 29 7 124 9 23 29 7 124 17 5
B 0 7 7 5 102 0 0 5 501
B 1 7 12 2 2 0 5 7 5752
B 2 7 0 0 0 0 0 0 0
m 6 17661 6155283 2858041 5738 2662 15199
D 30 7 124 9 8 30 7 124 16 46
B 0 7 8 6 79 0 0 6 577
B 1 7 2 0 6 0 2 2 936
B 2 7 0 0 0 0 0 0 0
m 6 11138 3890770 1879262 592 1636 9117
D 31 7 124 4 0 31 7 124 4 0
B 0 7 0 0 0 0 0 0 0
B 1 7 0 0 0 0 0 0 0
B 2 7 0 0 0 0 0 0 0
m 6 0 0 0 0 0 0
D 1 8 124 4 0 1 8 124 4 0
B 0 7 0 0 0 0 0 0 0
B 1 7 0 0 0 0 0 0 0
B 2 7 0 0 0 0 0 0 0
m 6 0 0 0 0 0 0
D 2 8 124 4 0 2 8 124 4 0
B 0 7 0 0 0 0 0 0 0
B 1 7 0 0 0 0 0 0 0
B 2 7 0 0 0 0 0 0 0
m 6 0 0 0 0 0 0
D 3 8 124 9 41 3 8 124 11 13
B 0 7 1 1 20 0 0 1 0
B 1 7 0 0 2 0 0 0 0
B 2 7 0 0 0 0 0 0 0
m 6 2242 811618 422635 128 473 717
D 4 8 124 9 3 4 8 124 17 5
B 0 7 4 2 88 0 0 3 532
B 1 7 2 1 6 0 2 2 875
B 2 7 0 0 0 0 0 0 0
m 6 12515 5025178 2153370 3055 2087 6236
D 5 8 124 7 56 5 8 124 16 50
B 0 7 8 5 92 0 0 7 696
B 1 7 7 1 3 0 4 6 3180
B 2 7 0 0 0 0 0 0 0
m 6 15244 5197597 2288983 2945 2279 9229
D 6 8 124 8 22 6 8 124 16 15
B 0 7 19 13 65 0 0 13 1999
B 1 7 11 2 0 1 6 9 4692
B 2 7 0 0 0 0 0 0 0
m 6 19703 7100060 3465171 3215 3634 13740
D 7 8 124 4 0 7 8 124 4 0
B 0 7 0 0 1 0 0 0 0
B 1 7 0 0 1 0 0 0 0
B 2 7 0 0 0 0 0 0 0
m 6 5 0 0 0 0 0
D 8 8 124 8 47 8 8 124 8 48
B 0 7 0 0 1 0 0 0 0
B 1 7 0 0 1 0 0 0 0
B 2 7 0 0 0 0 0 0 0
m 6 131 48685 28208 54 26 16
D 9 8 124 8 52 9 8 124 16 53
B 0 7 4 3 124 0 0 4 210
B 1 7 10 2 1 0 8 10 4628
B 2 7 0 0 0 0 0 0 0
m 6 15887 6152561 2978309 6335 2931 12443
D 10 8 124 9 32 10 8 124 16 47
B 0 7 12 10 90 0 0 11 193
B 1 7 11 2 1 1 7 10 4852
B 2 7 0 0 0 0 0 0 0
m 6 17851 6961353 3205438 4885 3077 11523
D 11 8 124 8 40 11 8 124 16 3
B 0 7 6 5 63 0 0 5 70
B 1 7 5 1 3 2 2 5 1243
B 2 7 0 0 0 0 0 0 0
m 6 14648 4991512 2054316 5323 2052 8573
D 12 8 124 8 44 12 8 124 16 39
B 0 7 10 9 85 0 0 9 390
B 1 7 10 2 4 0 4 8 4103
B 2 7 0 0 0 0 0 0 0
m 6 18693 6519997 3009235 6901 2888 14791
D 13 8 124 9 25 13 8 124 16 17
B 0 7 14 11 60 0 0 12 1011
B 1 7 5 2 4 1 3 5 1312
B 2 7 0 0 0 0 0 0 0
m 6 16043 5172218 2097438 5767 2193 11024
D 14 8 124 4 0 14 8 124 4 0
B 0 7 0 0 0 0 0 0 0
B 1 7 0 0 0 0 0 0 0
B 2 7 0 0 0 0 0 0 0
m 6 0 0 0 0 0 0
D 15 8 124 4 0 15 8 124 4 0
B 0 7 0 0 0 0 0 0 0
B 1 7 0 0 0 0 0 0 0
B 2 7 0 0 0 0 0 0 0
m 6 0 0 0 0 0 0
D 16 8 124 8 52 16 8 124 17 2
B 0 7 15 13 67 0 0 12 814
B 1 7 11 2 2 1 6 9 4332
B 2 7 0 0 0 0 0 0 0
m 6 21355 7478096 3676375 7800 3579 14755
D 17 8 124 9 4 17 8 124 17 5
B 0 7 7 6 130 0 0 6 44
B 1 7 4 2 3 0 3 4 1604
B 2 7 0 0 0 0 0 0 0
m 6 15866 4402807 1861184 4615 1959 8667
D 19 8 124 14 48 19 8 124 17 6
B 0 7 1 1 56 0 0 1 5
B 1 7 2 2 2 0 0 1 625
B 2 7 0 0 0 0 0 0 0
m 6 4331 1772159 648918 1846 611 1589
D 20 8 124 4 0 20 8 124 4 0
B 0 7 0 0 0 0 0 0 0
B 1 7 0 0 0 0 0 0 0
B 2 7 0 0 0 0 0 0 0
m 6 0 0 0 0 0 0
D 21 8 124 4 0 21 8 124 4 0
B 0 7 0 0 0 0 0 0 0
B 1 7 0 0 0 0 0 0 0
B 2 7 0 0 0 0 0 0 0
m 6 0 0 0 0 0 0
D 22 8 124 4 0 22 8 124 4 0
B 0 7 0 0 0 0 0 0 0
B 1 7 0 0 0 0 0 0 0
B 2 7 0 0 0 0 0 0 0
m 6 0 0 0 0 0 0
D 23 8 124 9 2 23 8 124 17 25
B 0 7 14 13 92 0 0 13 498
B 1 7 12 3 2 1 4 8 4909
B 2 7 0 0 0 0 0 0 0
m 6 19701 7059329 3192296 7904 3452 10509
D 24 8 124 7 41 24 8 124 16 59
B 0 7 4 2 104 0 0 4 314
B 1 7 1 1 7 0 0 1 21
B 2 7 0 0 0 0 0 0 0
m 6 10504 3792922 1617638 1323 1760 3961
D 25 8 124 9 3 25 8 124 16 59
B 0 7 9 8 93 0 0 8 387
B 1 7 14 2 2 0 6 8 6715
B 2 7 0 0 0 0 0 0 0
m 6 16014 5530808 2348425 6674 2642 9248
D 26 8 124 9 11 26 8 124 17 0
B 0 7 9 6 61 0 0 6 1177
B 1 7 7 2 3 0 5 7 2755
B 2 7 0 0 0 0 0 0 0
m 6 13865 4275433 2059314 5286 2271 7047
D 27 8 124 9 9 27 8 124 16 46
B 0 7 12 8 78 0 0 9 1032
B 1 7 10 2 2 0 7 10 3986
B 2 7 0 0 0 0 0 0 0
m 6 16222 4468679 2082582 5292 2302 11884
D 28 8 124 14 26 28 8 124 14 26
B 0 7 0 0 1 0 0 0 0
B 1 7 0 0 1 0 0 0 0
B 2 7 0 0 0 0 0 0 0
m 6 69 24617 8287 30 12 0
D 29 8 124 4 0 29 8 124 4 0
B 0 7 0 0 0 0 0 0 0
B 1 7 0 0 0 0 0 0 0
B 2 7 0 0 0 0 0 0 0
m 6 0 0 0 0 0 0
D 30 8 124 8 51 30 8 124 16 7
B 0 7 6 5 71 0 0 6 388
B 1 7 8 0 5 1 5 6 4172
B 2 7 0 0 0 0 0 0 0
m 6 15241 6151438 3120484 2643 2866 8360
D 1 9 124 9 23 1 9 124 16 27
B 0 7 12 5 82 0 1 8 1965
B 1 7 5 3 3 0 0 3 1256
B 2 7 0 0 0 0 0 0 0
m 6 15065 4669774 2016880 3566 2274 13079
D 2 9 124 9 3 2 9 124 23 6
B 0 7 8 7 81 0 0 8 350
B 1 7 6 2 3 0 3 5 2280
B 2 7 0 0 0 0 0 0 0
m 6 14251 5516757 2423589 6145 2508 5933
D 3 9 124 9 5 3 9 124 17 14
B 0 7 13 10 127 0 0 11 562
B 1 7 10 4 1 0 4 8 3728
B 2 7 0 0 0 0 0 0 0
m 6 18592 7500431 3198358 8120 3324 12115
D 4 9 124 9 31 4 9 124 15 48
B 0 7 12 8 61 0 0 9 1213
B 1 7 8 1 2 0 3 5 3802
B 2 7 0 0 0 0 0 0 0
m 6 14253 5284614 2692473 5667 2695 10825
D 5 9 124 4 0 5 9 124 4 0
B 0 7 0 0 0 0 0 0 0
B 1 7 0 0 0 0 0 0 0
B 2 7 0 0 0 0 0 0 0
m 6 0 0 0 0 0 0
D 6 9 124 4 0 6 9 124 4 0
B 0 7 0 0 0 0 0 0 0
B 1 7 0 0 0 0 0 0 0
B 2 7 0 0 0 0 0 0 0
m 6 0 0 0 0 0 0
D 7 9 124 16 7 7 9 124 16 23
B 0 7 0 0 8 0 0 0 0
B 1 7 0 0 1 0 0 0 0
B 2 7 0 0 0 0 0 0 0
m 6 495 154454 63878 180 86 191
D 8 9 124 9 14 8 9 124 18 44
B 0 7 10 9 96 0 0 9 222
B 1 7 12 2 3 1 5 9 5245
B 2 7 0 0 0 0 0 0 0
m 6 20376 6747216 2938645 6433 2622 16439
D 9 9 124 9 1 9 9 124 16 59
B 0 7 17 15 63 0 0 15 1147
B 1 7 10 4 4 0 5 9 3677
B 2 7 0 0 0 0 0 0 0
m 6 18556 5868397 2866583 5777 2637 15087
D 10 9 124 9 25 10 9 124 17 34
B 0 7 13 9 131 0 0 9 1446
B 1 7 6 2 4 0 3 5 1795
B 2 7 0 0 0 0 0 0 0
m 6 16968 5704740 2646918 5458 2248 14663
D 11 9 124 9 1 11 9 124 16 16
B 0 7 11 9 62 0 0 10 857
B 1 7 11 2 2 0 5 7 5325
B 2 7 0 0 0 0 0 0 0
m 6 15458 4743821 2263165 802 2174 12060
D 12 9 124 4 0 12 9 124 4 0
B 0 7 0 0 0 0 0 0 0
B 1 7 0 0 0 0 0 0 0
B 2 7 0 0 0 0 0 0 0
m 6 0 0 0 0 0 0
D 13 9 124 4 0 13 9 124 4 0
B 0 7 0 0 0 0 0 0 0
B 1 7 0 0 0 0 0 0 0
B 2 7 0 0 0 0 0 0 0
m 6 0 0 0 0 0 0
D 14 9 124 4 0 14 9 124 4 0
B 0 7 0 0 0 0 0 0 0
B 1 7 0 0 0 0 0 0 0
B 2 7 0 0 0 0 0 0 0
m 6 0 0 0 0 0 0
D 15 9 124 9 17 15 9 124 17 32
B 0 7 9 9 104 0 0 9 102
B 1 7 10 3 3 0 5 9 3800
B 2 7 0 0 0 0 0 0 0
m 6 18829 6289812 2956761 4426 2824 13487
D 16 9 124 9 5 16 9 124 17 23
B 0 7 10 7 132 0 0 8 775
B 1 7 9 4 2 0 4 8 3056
B 2 7 0 0 0 0 0 0 0
m 6 16190 5283590 2563775 5190 2527 11804
D 17 9 124 8 37 17 9 124 23 0
B 0 7 7 5 147 0 0 5 759
B 1 7 6 3 4 0 1 5 1532
B 2 7 0 0 0 0 0 0 0
m 6 15400 5737649 2646804 5808 2583 15144
D 18 9 124 8 53 18 9 124 17 24
B 0 7 5 4 154 0 0 4 85
B 1 7 4 2 4 0 3 4 1795
B 2 7 0 0 0 0 0 0 0
m 6 15706 4528962 1998500 5365 2195 12468
D 19 9 124 4 0 19 9 124 4 0
B 0 7 0 0 0 0 0 0 0
B 1 7 0 0 0 0 0 0 0
B 2 7 0 0 0 0 0 0 0
m 6 0 0 0 0 0 0
D 20 9 124 4 0 20 9 124 4 0
B 0 7 0 0 0 0 0 0 0
B 1 7 0 0 0 0 0 0 0
B 2 7 0 0 0 0 0 0 0
m 6 0 0 0 0 0 0
D 21 9 124 11 36 21 9 124 11 54
B 0 7 0 0 1 0 0 0 0
B 1 7 0 0 1 0 0 0 0
B 2 7 0 0 0 0 0 0 0
m 6 700 242515 112913 79 152 472
D 22 9 124 8 54 22 9 124 16 51
B 0 7 8 4 105 0 0 5 1301
B 1 7 12 3 1 0 8 11 5580
B 2 7 0 0 0 0 0 0 0
m 6 17506 6375166 3031545 4732 3081 13751
D 23 9 124 9 1 23 9 124 16 49
B 0 7 9 6 101 0 0 7 557
B 1 7 9 2 2 0 2 6 3780
B 2 7 0 0 0 0 0 0 0
m 6 16001 5692176 2515116 815 2516 12358
D 24 9 124 9 2 24 9 124 17 24
B 0 7 7 7 142 0 0 7 22
B 1 7 6 2 6 0 2 5 2203
B 2 7 0 0 0 0 0 0 0
m 6 15386 5699715 2692493 5716 2598 12509
D 25 9 124 8 59 25 9 124 16 40
B 0 7 9 8 74 0 0 8 413
B 1 7 13 2 1 0 11 13 6234
B 2 7 0 0 0 0 0 0 0
m 6 15288 5544085 2668805 5755 2612 12973
D 26 9 124 13 59 26 9 124 15 27
B 0 7 0 0 37 0 0 0 0
B 1 7 0 0 3 0 0 0 0
B 2 7 0 0 0 0 0 0 0
m 6 1012 509521 173364 432 143 8
D 27 9 124 4 0 27 9 124 4 0
B 0 7 0 0 0 0 0 0 0
B 1 7 0 0 0 0 0 0 0
B 2 7 0 0 0 0 0 0 0
m 6 0 0 0 0 0 0
D 28 9 124 9 1 28 9 124 16 18
B 0 7 8 7 67 0 0 7 412
B 1 7 7 3 2 0 3 6 2473
B 2 7 0 0 0 0 0 0 0
m 6 13731 4913352 2297609 709 2414 9349
D 29 9 124 7 53 29 9 124 17 2
B 0 7 13 11 58 0 0 12 492
B 1 7 11 0 2 0 7 8 5582
B 2 7 0 0 0 0 0 0 0
m 6 17238 5611528 2414389 4222 2641 13996
D 30 9 124 7 51 30 9 124 17 13
B 0 7 12 9 131 0 0 9 1117
B 1 7 14 2 3 1 6 9 6684
B 2 7 0 0 0 0 0 0 0
m 6 18128 7890513 3605995 7693 3666 13525
D 31 9 124 7 50 31 9 124 18 3
B 0 7 11 8 113 0 0 8 969
B 1 7 12 2 3 1 5 8 5281
B 2 7 0 0 0 0 0 0 0
m 6 21908 8852868 3976964 8680 4197 13766
D 1 10 124 9 12 1 10 124 16 21
B 0 7 13 8 73 0 0 9 1453
B 1 7 7 4 3 0 2 6 1880
B 2 7 0 0 0 0 0 0 0
m 6 16927 6127891 2675381 6541 2742 11663
D 2 10 124 4 0 2 10 124 4 0
B 0 7 0 0 0 0 0 0 0
B 1 7 0 0 0 0 0 0 0
B 2 7 0 0 0 0 0 0 0
m 6 0 0 0 0 0 0
D 3 10 124 3 0 3 10 124 3 0
B 0 7 0 0 0 0 0 0 0
B 1 7 0 0 0 0 0 0 0
B 2 7 0 0 0 0 0 0 0
m 6 0 0 0 0 0 0
D 4 10 124 8 56 4 10 124 22 41
B 0 7 11 8 97 0 0 8 1031
B 1 7 12 1 2 2 8 11 5347
B 2 7 0 0 0 0 0 0 0
m 6 23045 9120401 4329390 6686 4677 15897
D 5 10 124 9 18 5 10 124 16 7
B 0 7 5 3 124 0 0 3 608
B 1 7 2 3 4 0 0 2 25
B 2 7 0 0 0 0 0 0 0
m 6 13128 5776205 2523628 3687 2426 8203
D 6 10 124 7 52 6 10 124 17 13
B 0 7 5 5 154 0 0 5 62
B 1 7 9 2 2 0 4 6 3842
B 2 7 0 0 0 0 0 0 0
m 6 15390 6618669 2904358 6822 2947 10169
D 7 10 124 7 52 7 10 124 15 31
B 0 7 3 3 126 0 0 3 54
B 1 7 5 2 2 0 3 5 1784
B 2 7 0 0 0 0 0 0 0
m 6 13357 5631018 2494289 1534 2660 7203
D 8 10 124 7 51 8 10 124 23 4
B 0 7 11 9 115 0 0 9 753
B 1 7 9 4 2 0 3 7 2922
B 2 7 0 0 0 0 0 0 0
m 6 18539 6680426 2782451 6863 3015 13201
D 9 10 124 16 13 9 10 124 16 13
B 0 7 0 0 3 0 0 0 0
B 1 7 0 0 2 0 0 0 0
B 2 7 0 0 0 0 0 0 0
m 6 100 68388 9628 44 14 17
D 10 10 124 11 22 10 10 124 11 25
B 0 7 0 0 1 0 0 0 0
B 1 7 0 0 1 0 0 0 0
B 2 7 0 0 0 0 0 0 0
m 6 212 89836 37449 111 39 85
D 11 10 124 9 8 11 10 124 16 22
B 0 7 15 13 97 0 0 13 556
B 1 7 12 2 1 1 5 8 5232
B 2 7 0 0 0 0 0 0 0
m 6 17339 7118850 3331605 5904 3483 11324
D 12 10 124 9 2 12 10 124 15 30
B 0 7 2 2 110 0 0 2 38
B 1 7 9 2 6 0 4 6 4248
B 2 7 0 0 0 0 0 0 0
m 6 13178 4904913 2184154 2988 2032 7930
D 13 10 124 9 6 13 10 124 17 9
B 0 7 8 6 106 0 0 6 878
B 1 7 12 2 2 0 8 11 5718
B 2 7 1 0 0 0 0 1 130
m 6 18130 6904770 3263412 2671 3086 13763
D 14 10 124 9 25 14 10 124 16 59
B 0 7 5 4 99 0 0 4 484
B 1 7 9 3 3 0 5 8 3343
B 2 7 0 0 0 0 0 0 0
m 6 15796 6223556 2758353 3921 2595 12698
D 15 10 124 8 51 15 10 124 22 29
B 0 7 16 10 87 0 0 11 1922
B 1 7 9 2 3 1 3 6 3254
B 2 7 0 0 0 0 0 0 0
m 6 17620 7115185 3469524 7019 3696 17100
D 16 10 124 4 0 16 10 124 4 0
B 0 7 0 0 0 0 0 0 0
B 1 7 0 0 0 0 0 0 0
B 2 7 0 0 0 0 0 0 0
m 6 0 0 0 0 0 0
D 17 10 124 11 14 17 10 124 11 14
B 0 7 0 0 1 0 0 0 0
B 1 7 0 0 1 0 0 0 0
B 2 7 0 0 0 0 0 0 0
m 6 31 17152 4267 13 5 0
D 18 10 124 9 3 18 10 124 17 32
B 0 7 15 9 78 0 1 11 2051
B 1 7 18 1 2 0 11 12 10026
B 2 7 1 0 0 0 1 1 1702
m 6 19702 8397466 4283367 3571 4514 15235
D 19 10 124 8 57 19 10 124 19 26
B 0 7 20 12 68 0 0 13 1689
B 1 7 20 1 1 1 11 14 10637
B 2 7 2 0 0 0 2 2 2499
m 6 20499 8217730 4041514 6628 4040 17160
D 20 10 124 9 2 20 10 124 18 4
B 0 7 20 13 105 0 0 13 1970
B 1 7 21 2 2 2 8 12 10330
B 2 7 4 0 0 0 3 3 6174
m 6 24174 10418077 4902448 10763 5163 17373
D 21 10 124 9 2 21 10 124 17 20
B 0 7 13 9 118 0 0 10 904
B 1 7 16 1 0 1 9 12 7709
B 2 7 1 0 0 0 1 1 1724
m 6 19724 8814850 4229632 5907 4022 15001
D 22 10 124 8 58 22 10 124 18 25
B 0 7 27 19 70 0 0 20 2641
B 1 7 18 3 1 1 5 10 7969
B 2 7 4 0 0 0 2 3 6605
m 6 24605 11176853 5850848 12357 6267 15220
D 23 10 124 12 42 23 10 124 14 16
B 0 7 1 0 15 0 0 1 67
B 1 7 3 1 0 0 2 3 1232
B 2 7 0 0 0 0 0 0 0
m 6 4235 2042553 954095 2109 1018 1897
D 24 10 124 4 0 24 10 124 4 0
B 0 7 0 0 0 0 0 0 0
B 1 7 0 0 0 0 0 0 0
B 2 7 0 0 0 0 0 0 0
m 6 0 0 0 0 0 0
D 25 10 124 9 8 25 10 124 17 9
B 0 7 19 10 61 0 0 10 2782
B 1 7 8 2 1 0 4 7 3280
B 2 7 0 0 0 0 0 0 0
m 6 15288 7624443 4000525 5443 3863 14001
D 26 10 124 9 21 26 10 124 17 57
B 0 7 22 16 90 0 0 16 2254
B 1 7 15 2 0 2 7 12 6564
B 2 7 2 0 0 0 1 2 3577
m 6 21577 9315649 4884850 1801 5186 14400
D 27 10 124 9 26 27 10 124 17 16
B 0 7 16 12 96 0 0 13 2120
B 1 7 14 2 1 1 8 11 6761
B 2 7 1 0 0 0 1 1 703
m 6 18703 7330767 3715106 8202 3779 12046
D 28 10 124 4 0 28 10 124 4 0
B 0 7 0 0 0 0 0 0 0
B 1 7 0 0 0 0 0 0 0
B 2 7 0 0 0 0 0 0 0
m 6 0 0 0 0 0 0
D 29 10 124 4 0 29 10 124 4 0
B 0 7 0 0 0 0 0 0 0
B 1 7 0 0 0 0 0 0 0
B 2 7 0 0 0 0 0 0 0
m 6 0 0 0 0 0 0
D 30 10 124 4 0 30 10 124 4 0
B 0 7 0 0 0 0 0 0 0
B 1 7 0 0 0 0 0 0 0
B 2 7 0 0 0 0 0 0 0
m 6 0 0 0 0 0 0
D 1 11 124 4 0 1 11 124 4 0
B 0 7 0 0 0 0 0 0 0
B 1 7 0 0 0 0 0 0 0
B 2 7 0 0 0 0 0 0 0
m 6 0 0 0 0 0 0
D 2 11 124 8 37 2 11 124 19 25
B 0 7 27 17 72 0 1 18 4544
B 1 7 16 1 1 1 9 12 7826
B 2 7 4 0 0 0 2 4 5459
m 6 23459 9676273 5124229 2587 5395 12647
D 3 11 124 8 31 3 11 124 21 41
B 0 7 32 21 77 0 2 24 4457
B 1 7 22 2 4 2 12 17 10749
B 2 7 8 1 0 0 2 4 13189
m 6 31189 12304248 6420086 8621 6496 18078
D 4 11 124 7 51 4 11 124 18 13
B 0 7 25 18 108 0 1 19 2283
B 1 7 13 2 5 0 7 9 6363
B 2 7 2 0 0 0 1 2 1830
m 6 19830 8663376 4419155 8811 4330 11772
D 5 11 124 7 51 5 11 124 17 31
B 0 7 13 10 69 0 0 10 1077
B 1 7 11 3 3 0 6 10 4345
B 2 7 0 0 0 0 0 0 0
m 6 16634 6483135 3264066 6807 3775 9956
D 6 11 124 8 34 6 11 124 16 43
B 0 7 17 10 58 0 1 14 1828
B 1 7 13 0 2 0 8 9 7005
B 2 7 1 0 0 0 1 1 784
m 6 18784 7074433 3603419 3456 3630 15634
D 7 11 124 4 0 7 11 124 4 0
B 0 7 0 0 1 0 0 0 0
B 1 7 0 0 1 0 0 0 0
B 2 7 0 0 0 0 0 0 0
m 6 42 16968 4023 10 9 52
D 8 11 124 14 20 8 11 124 14 23
B 0 7 0 0 1 0 0 0 0
B 1 7 0 0 1 0 0 0 0
B 2 7 0 0 0 0 0 0 0
m 6 243 107226 67460 130 59 54
D 9 11 124 8 43 9 11 124 22 52
B 0 7 14 9 142 0 0 10 1469
B 1 7 10 3 5 0 5 8 4179
B 2 7 1 1 0 0 0 1 70
m 6 18070 6660833 3538882 985 3939 15287
D 10 11 124 7 50 10 11 124 17 6
B 0 7 15 10 110 0 0 11 1138
B 1 7 14 2 2 0 8 11 6576
B 2 7 2 1 0 0 1 2 1818
m 6 19818 8065660 4288070 8455 4765 20512
D 11 11 124 8 34 11 11 124 17 35
B 0 7 12 9 130 0 0 10 523
B 1 7 14 3 1 0 6 9 6592
B 2 7 2 1 0 0 1 2 1845
m 6 19845 6937104 3400312 4012 3290 17785
D 12 11 124 8 40 12 11 124 17 19
B 0 7 26 15 50 0 1 18 4289
B 1 7 18 2 1 1 8 13 8067
B 2 7 3 0 0 0 1 2 5099
m 6 23099 9045770 4551927 8888 4632 13036
D 13 11 124 8 41 13 11 124 15 45
B 0 7 19 11 34 0 0 14 2176
B 1 7 7 1 3 1 3 6 30
B 2 7 1 1 0 0 0 1 7
m 6 18007 6183221 3258278 894 3645 12989
D 14 11 124 4 0 14 11 124 4 0
B 0 7 0 0 0 0 0 0 0
B 1 7 0 0 0 0 0 0 0
B 2 7 0 0 0 0 0 0 0
m 6 0 0 0 0 0 0
D 15 11 124 4 0 15 11 124 4 0
B 0 7 0 0 0 0 0 0 0
B 1 7 0 0 0 0 0 0 0
B 2 7 0 0 0 0 0 0 0
m 6 0 0 0 0 0 0
D 16 11 124 8 36 16 11 124 18 9
B 0 7 25 21 92 0 0 21 1936
B 1 7 18 2 1 0 8 11 9086
B 2 7 4 0 0 0 2 3 6345
m 6 24345 9724158 5047391 4989 5214 19474
D 17 11 124 8 32 17 11 124 18 44
B 0 7 20 12 83 0 0 13 2237
B 1 7 13 4 3 0 5 9 5156
B 2 7 4 0 0 0 1 2 6701
m 6 24701 9394655 4828140 10390 5095 12562
D 18 11 124 8 35 18 11 124 18 10
B 0 7 23 15 79 0 0 16 2908
B 1 7 20 3 3 0 9 13 10062
B 2 7 4 0 0 0 3 4 6187
m 6 24187 10086253 5206673 9550 5538 10819
D 19 11 124 7 54 19 11 124 18 6
B 0 7 27 19 95 0 0 20 2478
B 1 7 19 2 2 1 10 13 9482
B 2 7 4 1 0 0 1 2 6783
m 6 24783 10504115 5331246 10430 5722 16889
D 20 11 124 7 53 20 11 124 17 23
B 0 7 13 9 96 0 0 9 1165
B 1 7 22 2 2 1 14 18 11709
B 2 7 2 0 0 0 2 2 3556
m 6 21556 9078503 4643440 4054 4755 14946
D 21 11 124 9 59 22 11 124 0 5
B 0 7 4 4 27 0 0 4 12
B 1 7 0 0 6 0 0 0 0
B 2 7 0 0 0 0 0 0 0
m 6 6600 2560553 1288103 181 1553 1899
D 22 11 124 4 0 22 11 124 4 0
B 0 7 0 0 0 0 0 0 0
B 1 7 0 0 0 0 0 0 0
B 2 7 0 0 0 0 0 0 0
m 6 0 0 0 0 0 0
D 23 11 124 10 52 23 11 124 14 55
B 0 7 0 0 9 0 0 0 0
B 1 7 0 0 4 0 0 0 0
B 2 7 0 0 0 0 0 0 0
m 6 799 279187 147886 259 124 1006
D 24 11 124 8 31 24 11 124 12 8
B 0 7 0 0 15 0 0 0 0
B 1 7 0 0 3 0 0 0 0
B 2 7 0 0 0 0 0 0 0
m 6 2326 963882 520494 1059 672 446
D 25 11 124 4 0 25 11 124 4 0
B 0 7 0 0 0 0 0 0 0
B 1 7 0 0 0 0 0 0 0
B 2 7 0 0 0 0 0 0 0
m 6 0 0 0 0 0 0
D 26 11 124 4 0 26 11 124 4 0
B 0 7 0 0 0 0 0 0 0
B 1 7 0 0 0 0 0 0 0
B 2 7 0 0 0 0 0 0 0
m 6 0 0 0 0 0 0
D 27 11 124 4 0 27 11 124 4 0
B 0 7 0 0 0 0 0 0 0
B 1 7 0 0 0 0 0 0 0
B 2 7 0 0 0 0 0 0 0
m 6 0 0 0 0 0 0
D 28 11 124 4 0 28 11 124 4 0
B 0 7 0 0 0 0 0 0 0
B 1 7 0 0 0 0 0 0 0
B 2 7 0 0 0 0 0 0 0
m 6 0 0 0 0 0 0
D 29 11 124 4 0 29 11 124 4 0
B 0 7 0 0 0 0 0 0 0
B 1 7 0 0 0 0 0 0 0
B 2 7 0 0 0 0 0 0 0
m 6 0 0 0 0 0 0
D 30 11 124 4 0 30 11 124 4 0
B 0 7 0 0 0 0 0 0 0
B 1 7 0 0 0 0 0 0 0
B 2 7 0 0 0 0 0 0 0
m 6 0 0 0 0 0 0
D 31 11 124 4 0 31 11 124 4 0
B 0 7 0 0 0 0 0 0 0
B 1 7 0 0 0 0 0 0 0
B 2 7 0 0 0 0 0 0 0
m 6 0 0 0 0 0 0
D 1 0 125 4 0 1 0 125 4 0
B 0 7 0 0 1 0 0 0 0
B 1 7 0 0 1 0 0 0 0
B 2 7 0 0 0 0 0 0 0
m 6 21 22668 7313 11 3 2
D 2 0 125 4 0 2 0 125 4 0
B 0 7 0 0 0 0 0 0 0
B 1 7 0 0 0 0 0 0 0
B 2 7 0 0 0 0 0 0 0
m 6 0 0 0 0 0 0
D 3 0 125 4 0 3 0 125 4 0
B 0 7 0 0 0 0 0 0 0
B 1 7 0 0 0 0 0 0 0
B 2 7 0 0 0 0 0 0 0
m 6 0 0 0 0 0 0
D 4 0 125 4 0 4 0 125 4 0
B 0 7 0 0 0 0 0 0 0
B 1 7 0 0 0 0 0 0 0
B 2 7 0 0 0 0 0 0 0
m 6 0 0 0 0 0 0
D 5 0 125 4 0 5 0 125 4 0
B 0 7 0 0 0 0 0 0 0
B 1 7 0 0 0 0 0 0 0
B 2 7 0 0 0 0 0 0 0
m 6 0 0 0 0 0 0
D 6 0 125 9 2 6 0 125 17 30
B 0 7 15 9 66 0 0 12 1762
B 1 7 8 1 7 1 4 6 3691
B 2 7 1 0 0 0 0 1 652
m 6 18652 7668473 3460181 7674 3522 11455
D 7 0 125 8 40 7 0 125 23 39
B 0 7 21 11 56 0 0 12 2669
B 1 7 13 2 3 0 3 6 6528
B 2 7 2 0 0 0 1 2 1912
m 6 19912 7691052 3835957 7530 3668 15517
D 8 0 125 8 54 8 0 125 17 16
B 0 7 8 6 82 0 0 6 817
B 1 7 9 3 2 0 4 8 3460
B 2 7 0 0 0 0 0 0 0
m 6 17603 6282028 3133897 4400 2808 14380
D 9 0 125 8 35 9 0 125 17 14
B 0 7 16 12 101 0 0 13 1430
B 1 7 16 1 1 1 11 14 7703
B 2 7 1 0 0 0 1 1 1762
m 6 19762 7287443 3574551 5409 3469 15489
D 10 0 125 8 45 10 0 125 17 3
B 0 7 23 17 48 0 0 17 2671
B 1 7 16 2 0 2 7 11 7347
B 2 7 3 0 0 0 2 3 4360
m 6 22360 9430702 4777857 8166 5213 17608
D 11 0 125 13 17 11 0 125 15 59
B 0 7 5 3 8 0 0 4 372
B 1 7 1 0 1 0 0 1 203
B 2 7 0 0 0 0 0 0 0
m 6 3949 1448634 688106 1495 773 2869
D 12 0 125 4 0 12 0 125 4 0
B 0 7 0 0 1 0 0 0 0
B 1 7 0 0 1 0 0 0 0
B 2 7 0 0 0 0 0 0 0
m 6 43 26931 6374 17 10 2
D 13 0 125 8 50 13 0 125 16 54
B 0 7 15 12 87 0 0 12 1206
B 1 7 12 1 0 0 8 10 5739
B 2 7 1 0 0 0 0 1 684
m 6 18684 7420502 3488080 6842 3315 14295
D 14 0 125 9 0 14 0 125 17 7
B 0 7 10 7 74 0 0 7 798
B 1 7 18 1 1 1 13 16 9435
B 2 7 2 0 0 0 1 1 2862
m 6 20862 8112786 3720094 7009 3625 15368
D 15 0 125 8 43 15 0 125 17 5
B 0 7 22 16 56 0 0 16 2470
B 1 7 18 1 1 1 11 13 9096
B 2 7 2 0 0 0 1 2 2064
m 6 20064 7200667 3325028 7172 3628 16624
D 16 0 125 8 45 16 0 125 16 59
B 0 7 14 10 79 0 0 11 1476
B 1 7 13 0 4 1 9 11 6748
B 2 7 0 0 0 0 0 0 0
m 6 17977 7785781 3666936 7271 3789 11096
D 17 0 125 4 0 17 0 125 4 0
B 0 7 0 0 0 0 0 0 0
B 1 7 0 0 0 0 0 0 0
B 2 7 0 0 0 0 0 0 0
m 6 0 0 0 0 0 0
D 18 0 125 4 0 18 0 125 4 0
B 0 7 0 0 0 0 0 0 0
B 1 7 0 0 0 0 0 0 0
B 2 7 0 0 0 0 0 0 0
m 6 0 0 0 0 0 0
D 19 0 125 4 0 19 0 125 4 0
B 0 7 0 0 0 0 0 0 0
B 1 7 0 0 0 0 0 0 0
B 2 7 0 0 0 0 0 0 0
m 6 0 0 0 0 0 0
D 20 0 125 4 0 20 0 125 4 0
B 0 7 0 0 0 0 0 0 0
B 1 7 0 0 0 0 0 0 0
B 2 7 0 0 0 0 0 0 0
m 6 0 0 0 0 0 0
D 21 0 125 8 49 21 0 125 16 54
B 0 7 21 17 35 0 0 18 1160
B 1 7 14 1 2 3 4 9 6073
B 2 7 2 0 0 0 2 2 2842
m 6 20842 9400686 4168281 1587 4615 7924
D 22 0 125 8 40 22 0 125 16 49
B 0 7 11 9 97 0 0 10 594
B 1 7 11 1 1 1 5 8 5410
B 2 7 2 0 0 0 1 2 2148
m 6 20148 8777138 3708133 8794 3584 9447
D 23 0 125 8 40 23 0 125 17 25
B 0 7 26 17 73 0 0 17 3594
B 1 7 17 2 0 1 9 13 7940
B 2 7 3 0 0 0 2 3 4956
m 6 22956 10270950 4712043 9226 4483 17018
D 24 0 125 8 37 24 0 125 17 45
B 0 7 21 10 88 0 0 11 3440
B 1 7 20 1 2 0 14 15 10848
B 2 7 3 0 0 0 3 3 4699
m 6 22699 9604754 4167404 9285 4237 19218
D 25 0 125 4 0 25 0 125 4 0
B 0 7 0 0 0 0 0 0 0
B 1 7 0 0 0 0 0 0 0
B 2 7 0 0 0 0 0 0 0
m 6 0 0 0 0 0 0
D 26 0 125 4 0 26 0 125 4 0
B 0 7 0 0 0 0 0 0 0
B 1 7 0 0 0 0 0 0 0
B 2 7 0 0 0 0 0 0 0
m 6 0 0 0 0 0 0
D 27 0 125 8 46 27 0 125 16 44
B 0 7 13 12 73 0 0 12 889
B 1 7 9 2 2 1 4 7 3662
B 2 7 0 0 0 0 0 0 0
m 6 17878 7410322 3275562 2803 3445 11179
D 28 0 125 8 55 28 0 125 18 5
B 0 7 33 16 41 1 2 20 5458
B 1 7 26 1 1 1 18 20 14113
B 2 7 4 0 0 0 2 3 5816
m 6 23816 9931994 5009741 8053 5693 15691
D 29 0 125 8 43 29 0 125 18 14
B 0 7 16 13 125 0 0 14 713
B 1 7 11 3 1 1 4 9 3603
B 2 7 4 0 0 0 2 3 5769
m 6 23769 10644288 4649459 10416 4806 12813
D 30 0 125 8 37 30 0 125 18 47
B 0 7 26 21 106 0 0 23 1476
B 1 7 17 1 2 1 12 15 8238
B 2 7 4 0 0 0 3 3 7138
m 6 25138 11299029 5249305 7240 5457 17871
D 31 0 125 8 30 31 0 125 17 24
B 0 7 20 13 74 0 0 14 2473
B 1 7 23 2 3 1 13 16 12229
B 2 7 3 0 0 0 2 2 4246
m 6 22246 8822637 4375647 9233 4747 16452
D 1 1 125 4 0 1 1 125 4 0
B 0 7 0 0 0 0 0 0 0
B 1 7 0 0 0 0 0 0 0
B 2 7 0 0 0 0 0 0 0
m 6 0 0 0 0 0 0
D 2 1 125 4 0 2 1 125 4 0
B 0 7 0 0 0 0 0 0 0
B 1 7 0 0 0 0 0 0 0
B 2 7 0 0 0 0 0 0 0
m 6 0 0 0 0 0 0
D 3 1 125 8 50 3 1 125 17 5
B 0 7 26 16 52 0 0 18 3226
B 1 7 15 2 0 0 6 10 4558
B 2 7 2 0 0 0 2 2 3423
m 6 21423 8866954 4469621 2169 4902 16076
D 4 1 125 8 43 4 1 125 23 23
B 0 7 23 12 65 0 0 14 3581
B 1 7 12 1 7 0 4 7 6980
B 2 7 3 0 0 0 1 2 5282
m 6 23282 8954305 4380231 10409 4875 10567
D 5 1 125 4 0 5 1 125 18 21
B 0 7 19 14 122 0 0 14 2103
B 1 7 18 3 2 0 8 12 9143
B 2 7 3 1 0 0 2 3 4292
m 6 22292 7848114 3380621 8105 3633 19093
D 6 1 125 8 25 6 1 125 17 42
B 0 7 13 9 132 0 0 9 1343
B 1 7 6 2 4 0 4 6 2267
B 2 7 0 0 0 0 0 0 0
m 6 16973 7307714 3170244 7092 3303 10357
D 7 1 125 8 46 7 1 125 15 28
B 0 7 12 6 61 0 0 8 1342
B 1 7 6 0 4 1 2 3 2536
B 2 7 0 0 0 0 0 0 0
m 6 15703 6464568 2647169 5934 2688 9688
D 8 1 125 10 28 8 1 125 11 46
B 0 7 0 0 10 0 0 0 0
B 1 7 0 0 2 0 0 0 0
B 2 7 0 0 0 0 0 0 0
m 6 1737 679676 247125 133 311 1013
D 9 1 125 10 35 9 1 125 10 36
B 0 7 0 0 1 0 0 0 0
B 1 7 0 0 1 0 0 0 0
B 2 7 0 0 0 0 0 0 0
m 6 108 78352 22489 68 27 7
D 10 1 125 8 53 10 1 125 17 10
B 0 7 9 6 94 0 0 7 1346
B 1 7 7 3 2 1 4 7 1921
B 2 7 0 0 0 0 0 0 0
m 6 16139 7667008 3426894 7098 3263 9023
D 11 1 125 8 23 11 1 125 17 54
B 0 7 19 9 45 0 0 9 3113
B 1 7 8 1 8 0 3 6 3881
B 2 7 1 0 0 0 1 1 1775
m 6 19775 6956505 3179604 6929 3257 16541
D 12 1 125 8 54 12 1 125 18 49
B 0 7 23 18 65 0 0 18 2139
B 1 7 15 3 4 1 8 12 6472
B 2 7 4 0 0 0 3 3 5823
m 6 23823 9874658 4799727 9986 5045 15846
D 13 1 125 8 29 13 1 125 16 46
B 0 7 14 11 99 0 0 11 1165
B 1 7 6 3 5 0 4 6 1917
B 2 7 1 0 0 0 1 1 648
m 6 18648 6926724 3304941 2890 3190 17593
D 14 1 125 4 0 14 1 125 4 0
B 0 7 0 0 0 0 0 0 0
B 1 7 0 0 0 0 0 0 0
B 2 7 0 0 0 0 0 0 0
m 6 0 0 0 0 0 0
D 15 1 125 4 0 15 1 125 4 0
B 0 7 0 0 0 0 0 0 0
B 1 7 0 0 0 0 0 0 0
B 2 7 0 0 0 0 0 0 0
m 6 0 0 0 0 0 0
D 16 1 125 4 0 16 1 125 4 0
B 0 7 0 0 0 0 0 0 0
B 1 7 0 0 0 0 0 0 0
B 2 7 0 0 0 0 0 0 0
m 6 0 0 0 0 0 0
D 17 1 125 4 0 17 1 125 4 0
B 0 7 0 0 0 0 0 0 0
B 1 7 0 0 0 0 0 0 0
B 2 7 0 0 0 0 0 0 0
m 6 0 0 0 0 0 0
D 18 1 125 8 59 18 1 125 17 35
B 0 7 16 14 85 0 0 15 800
B 1 7 9 5 4 0 3 7 2836
B 2 7 2 0 0 0 0 1 2509
m 6 20509 6948345 3690874 7322 4189 15515
D 19 1 125 9 1 19 1 125 15 27
B 0 7 13 8 67 0 0 9 1660
B 1 7 9 1 3 0 1 4 4629
B 2 7 0 0 0 0 0 0 0
m 6 13796 4549254 2661977 623 3018 9823
D 20 1 125 8 49 20 1 125 17 3
B 0 7 16 13 91 0 0 13 1341
B 1 7 11 3 21 0 7 10 4799
B 2 7 1 1 0 0 0 1 0
m 6 18000 6069792 3300967 6358 3494 10490
D 21 1 125 8 49 21 1 125 17 32
B 0 7 25 14 49 0 0 15 3643
B 1 7 15 2 1 1 10 13 7153
B 2 7 3 0 0 0 3 3 4787
m 6 22787 8978052 3985979 7815 4235 15991
D 22 1 125 4 0 22 1 125 4 0
B 0 7 0 0 0 0 0 0 0
B 1 7 0 0 0 0 0 0 0
B 2 7 0 0 0 0 0 0 0
m 6 0 0 0 0 0 0
D 23 1 125 4 0 23 1 125 4 0
B 0 7 0 0 0 0 0 0 0
B 1 7 0 0 0 0 0 0 0
B 2 7 0 0 0 0 0 0 0
m 6 0 0 0 0 0 0
D 24 1 125 8 54 24 1 125 18 22
B 0 7 20 11 59 0 0 12 1023
B 1 7 11 3 0 0 4 8 1871
B 2 7 0 0 0 0 0 0 0
m 6 10877 9500402 4446634 5422 4575 16780
D 25 1 125 8 26 25 1 125 18 7
B 0 7 25 17 60 0 0 18 3208
B 1 7 18 3 2 0 7 10 8341
B 2 7 4 0 0 0 2 2 6110
m 6 24110 10131586 4817585 7890 4865 18708
D 26 1 125 9 2 26 1 125 18 14
B 0 7 18 11 68 0 0 11 2644
B 1 7 14 5 2 0 4 9 5547
B 2 7 0 0 0 0 0 0 0
m 6 16516 673572 289537 27 299 16741
D 27 1 125 8 49 27 1 125 17 58
B 0 7 23 15 82 0 0 18 2290
B 1 7 13 8 3 0 3 11 3647
B 2 7 3 0 0 0 0 2 4298
m 6 22298 9575575 4767875 9619 4588 19695
D 28 1 125 8 47 28 1 125 17 10
B 0 7 23 15 72 0 0 14 2206
B 1 7 16 6 2 0 3 11 4966
B 2 7 2 0 0 0 0 1 3240
m 6 21240 8833663 4197495 2438 4081 17001
D 1 2 125 4 0 1 2 125 4 0
B 0 7 0 0 0 0 0 0 0
B 1 7 0 0 0 0 0 0 0
B 2 7 0 0 0 0 0 0 0
m 6 0 0 0 0 0 0
D 2 2 125 4 0 2 2 125 4 0
B 0 7 0 0 0 0 0 0 0
B 1 7 0 0 0 0 0 0 0
B 2 7 0 0 0 0 0 0 0
m 6 0 0 0 0 0 0
D 3 2 125 8 29 3 2 125 18 33
B 0 7 24 16 98 0 0 18 1246
B 1 7 18 9 2 0 4 13 3170
B 2 7 2 0 0 0 1 2 1878
m 6 19878 9224772 3795951 10419 3775 12774
D 4 2 125 8 35 4 2 125 17 17
B 0 7 22 19 99 0 0 20 467
B 1 7 13 9 2 0 1 10 1397
B 2 7 2 0 0 0 2 2 2443
m 6 20443 8582344 3751616 6680 3712 12960
D 5 2 125 8 20 5 2 125 18 4
B 0 7 25 19 123 0 0 20 936
B 1 7 13 7 8 0 2 10 1640
B 2 7 3 0 0 0 1 2 3720
m 6 21720 9878732 4352638 1316 4085 16085
D 6 2 125 8 36 6 2 125 17 14
B 0 7 18 15 108 0 0 16 457
B 1 7 11 8 6 0 2 10 986
B 2 7 1 0 0 0 0 1 1187
m 6 19187 5746649 3347905 2961 3151 14907
D 7 2 125 8 49 7 2 125 14 24
B 0 7 6 4 27 1 0 5 188
B 1 7 3 0 4 0 1 1 691
B 2 7 0 0 0 0 0 0 0
m 6 5815 1282107 804215 1175 967 3838
D 8 2 125 10 30 8 2 125 15 21
B 0 7 0 0 17 0 0 0 0
B 1 7 0 0 3 0 0 0 0
B 2 7 0 0 0 0 0 0 0
m 6 778 454307 139878 336 167 167
D 9 2 125 12 56 9 2 125 13 9
B 0 7 2 1 2 0 0 1 157
B 1 7 0 0 2 0 0 0 0
B 2 7 0 0 0 0 0 0 0
m 6 778 420246 158435 320 174 599
D 10 2 125 8 34 10 2 125 19 36
B 0 7 8 6 157 0 0 7 420
B 1 7 9 5 6 0 3 8 1315
B 2 7 0 0 0 0 0 0 0
m 6 15600 3722700 2123261 2848 2143 13682
D 11 2 125 9 3 11 2 125 18 25
B 0 7 10 7 106 0 0 8 427
B 1 7 9 5 7 0 1 7 1089
B 2 7 0 0 0 0 0 0 0
m 6 15472 3331302 1891054 2686 1826 17007
D 12 2 125 8 47 12 2 125 18 35
B 0 7 14 11 132 0 0 11 762
B 1 7 13 10 4 0 2 11 1322
B 2 7 2 0 0 0 1 2 2538
m 6 20538 4118946 2294132 2876 2085 21774
D 13 2 125 8 58 13 2 125 18 7
B 0 7 5 3 156 0 0 4 362
B 1 7 7 6 9 0 1 7 379
B 2 7 0 0 0 0 0 0 0
m 6 17032 3750956 2099937 2573 1767 20169
D 14 2 125 10 10 14 2 125 11 14
B 0 7 4 3 15 0 0 3 172
B 1 7 1 1 2 0 0 1 0
B 2 7 0 0 0 0 0 0 0
m 6 2995 675939 396223 537 410 2425
D 15 2 125 11 21 15 2 125 11 36
B 0 7 1 1 2 0 0 1 17
B 1 7 0 0 1 0 0 0 0
B 2 7 0 0 0 0 0 0 0
m 6 882 225661 127475 191 112 68
D 16 2 125 4 0 16 2 125 4 0
B 0 7 0 0 0 0 0 0 0
B 1 7 0 0 0 0 0 0 0
B 2 7 0 0 0 0 0 0 0
m 6 0 0 0 0 0 0
D 17 2 125 8 51 17 2 125 18 30
B 0 7 14 12 114 0 0 13 609
B 1 7 11 8 7 0 1 9 932
B 2 7 1 0 0 0 1 1 567
m 6 18567 4774422 2668381 2686 2547 14046
D 18 2 125 8 53 18 2 125 16 41
B 0 7 11 8 60 0 0 9 498
B 1 7 5 4 4 0 1 5 230
B 2 7 0 0 0 0 0 0 0
m 6 11458 3210586 1954198 1416 1827 8001
D 19 2 125 9 3 19 2 125 17 19
B 0 7 13 10 104 0 0 10 554
B 1 7 11 8 5 0 2 10 946
B 2 7 1 0 0 0 0 1 520
m 6 18520 4379314 2576372 1653 2352 14206
D 20 2 125 16 8 20 2 125 16 9
B 0 7 0 0 3 0 0 0 0
B 1 7 0 0 2 0 0 0 0
B 2 7 0 0 0 0 0 0 0
m 6 164 56247 28067 44 32 32
D 21 2 125 4 0 21 2 125 4 0
B 0 7 0 0 0 0 0 0 0
B 1 7 0 0 0 0 0 0 0
B 2 7 0 0 0 0 0 0 0
m 6 0 0 0 0 0 0
D 22 2 125 4 0 22 2 125 4 0
B 0 7 0 0 0 0 0 0 0
B 1 7 0 0 0 0 0 0 0
B 2 7 0 0 0 0 0 0 0
m 6 0 0 0 0 0 0
D 23 2 125 13 8 23 2 125 13 12
B 0 7 0 0 2 0 0 0 0
B 1 7 0 0 1 0 0 0 0
B 2 7 0 0 0 0 0 0 0
m 6 298 69963 43116 57 50 17
D 24 2 125 8 52 24 2 125 17 14
B 0 7 12 11 124 0 0 11 262
B 1 7 12 7 5 0 3 10 1332
B 2 7 1 0 0 0 1 1 600
m 6 18600 4043542 2292377 3331 2507 13690
D 25 2 125 8 40 25 2 125 16 43
B 0 7 19 18 101 0 0 18 347
B 1 7 12 7 2 0 3 11 1300
B 2 7 1 0 0 0 1 1 792
m 6 18792 4054721 2324499 2312 2532 14791
D 26 2 125 8 38 26 2 125 17 17
B 0 7 15 14 121 0 0 14 265
B 1 7 14 8 4 0 3 11 1962
B 2 7 1 0 0 0 1 1 855
m 6 18855 4101734 2367273 3096 2187 14494
D 27 2 125 8 44 27 2 125 16 49
B 0 7 10 10 73 0 0 10 97
B 1 7 7 5 5 0 1 6 629
B 2 7 0 0 0 0 0 0 0
m 6 14268 2839835 1626962 2262 1666 13884
D 28 2 125 10 54 28 2 125 12 20
B 0 7 0 0 16 0 0 0 0
B 1 7 1 0 2 0 1 1 282
B 2 7 0 0 0 0 0 0 0
m 6 2938 603169 329504 99 316 1383
D 29 2 125 4 0 29 2 125 4 0
B 0 7 0 0 0 0 0 0 0
B 1 7 0 0 0 0 0 0 0
B 2 7 0 0 0 0 0 0 0
m 6 0 0 0 0 0 0
D 30 2 125 4 0 30 2 125 4 0
B 0 7 0 0 0 0 0 0 0
B 1 7 0 0 0 0 0 0 0
B 2 7 0 0 0 0 0 0 0
m 6 0 0 0 0 0 0
D 31 2 125 9 1 31 2 125 17 57
B 0 7 9 9 95 0 0 9 99
B 1 7 9 5 5 0 3 8 1269
B 2 7 0 0 0 0 0 0 0
m 6 11382 2769705 1648777 2341 1713 9397
D 1 3 125 9 1 1 3 125 17 36
B 0 7 21 17 95 0 0 17 982
B 1 7 15 7 0 1 3 12 1633
B 2 7 1 0 0 0 1 1 855
m 6 18855 3387227 1899349 2103 2255 14176
D 2 3 125 8 44 2 3 125 17 11
B 0 7 25 18 109 0 0 19 1477
B 1 7 18 6 5 1 9 16 3483
B 2 7 2 1 0 0 1 2 1817
m 6 19817 4628506 2883067 3682 3291 16140
D 3 3 125 9 6 3 3 125 14 28
B 0 7 2 1 100 0 0 2 165
B 1 7 7 4 1 0 2 6 1018
B 2 7 0 0 0 0 0 0 0
m 6 10687 2340325 1365973 1424 1328 11309
D 4 3 125 14 20 4 3 125 14 20
B 0 7 0 0 3 0 0 0 0
B 1 7 0 0 2 0 0 0 0
B 2 7 0 0 0 0 0 0 0
m 6 73 20098 6315 29 8 12
D 5 3 125 4 0 5 3 125 4 0
B 0 7 0 0 0 0 0 0 0
B 1 7 0 0 0 0 0 0 0
B 2 7 0 0 0 0 0 0 0
m 6 0 0 0 0 0 0
D 6 3 125 4 0 6 3 125 4 0
B 0 7 0 0 0 0 0 0 0
B 1 7 0 0 0 0 0 0 0
B 2 7 0 0 0 0 0 0 0
m 6 0 0 0 0 0 0
D 7 3 125 8 49 7 3 125 17 36
B 0 7 10 6 148 0 0 7 498
B 1 7 12 6 3 0 4 10 1929
B 2 7 2 1 0 0 1 2 1517
m 6 15917 3331728 1905193 885 1960 16878
D 8 3 125 8 41 8 3 125 18 11
B 0 7 14 12 140 0 0 12 638
B 1 7 16 5 7 1 5 13 2263
B 2 7 3 1 0 0 1 2 1835
m 6 18035 4008778 2412331 1472 2341 21716
D 9 3 125 8 47 9 3 125 18 25
B 0 7 19 18 107 0 0 18 386
B 1 7 14 8 3 0 3 11 1839
B 2 7 4 0 0 0 2 3 3048
m 6 19248 4847579 2807371 3046 2359 21927
D 10 3 125 8 53 10 3 125 17 20
B 0 7 8 7 112 0 0 7 271
B 1 7 12 6 6 1 2 9 1565
B 2 7 3 0 0 0 3 3 2740
m 6 18940 4178135 2365988 2710 2089 22382
D 11 3 125 8 31 11 3 125 15 25
B 0 7 17 13 91 0 0 14 572
B 1 7 11 6 2 0 3 9 1602
B 2 7 0 0 0 0 0 0 0
m 6 14919 4181597 2554606 2639 2021 17725
D 12 3 125 4 0 12 3 125 4 0
B 0 7 0 0 0 0 0 0 0
B 1 7 0 0 0 0 0 0 0
B 2 7 0 0 0 0 0 0 0
m 6 0 0 0 0 0 0
D 13 3 125 4 0 13 3 125 4 0
B 0 7 0 0 0 0 0 0 0
B 1 7 0 0 0 0 0 0 0
B 2 7 0 0 0 0 0 0 0
m 6 0 0 0 0 0 0
D 14 3 125 8 26 14 3 125 17 16
B 0 7 18 17 127 0 0 17 320
B 1 7 11 7 13 0 4 11 864
B 2 7 4 1 0 0 2 3 2740
m 6 18940 4469410 2428698 877 2309 19222
D 15 3 125 8 33 15 3 125 16 45
B 0 7 11 10 126 0 0 11 151
B 1 7 11 7 11 0 2 9 1184
B 2 7 3 1 0 0 2 3 1837
m 6 18037 3648171 2001648 2511 1888 15594
